 # maximum at r(A) =    2.6630651225505955     
 # r, g(r)
   8.3481665283717723E-003   0.0000000000000000     
   2.5044499585115315E-002   0.0000000000000000     
   4.1740832641858856E-002   0.0000000000000000     
   5.8437165698602404E-002   0.0000000000000000     
   7.5133498755345959E-002   0.0000000000000000     
   9.1829831812089494E-002   0.0000000000000000     
  0.10852616486883304        0.0000000000000000     
  0.12522249792557658        0.0000000000000000     
  0.14191883098232011        0.0000000000000000     
  0.15861516403906367        0.0000000000000000     
  0.17531149709580721        0.0000000000000000     
  0.19200783015255074        0.0000000000000000     
  0.20870416320929430        0.0000000000000000     
  0.22540049626603784        0.0000000000000000     
  0.24209682932278137        0.0000000000000000     
  0.25879316237952493        0.0000000000000000     
  0.27548949543626849        0.0000000000000000     
  0.29218582849301200        0.0000000000000000     
  0.30888216154975556        0.0000000000000000     
  0.32557849460649912        0.0000000000000000     
  0.34227482766324263        0.0000000000000000     
  0.35897116071998619        0.0000000000000000     
  0.37566749377672976        0.0000000000000000     
  0.39236382683347326        0.0000000000000000     
  0.40906015989021682        0.0000000000000000     
  0.42575649294696039        0.0000000000000000     
  0.44245282600370395        0.0000000000000000     
  0.45914915906044745        0.0000000000000000     
  0.47584549211719102        0.0000000000000000     
  0.49254182517393452        0.0000000000000000     
  0.50923815823067808        0.0000000000000000     
  0.52593449128742165        0.0000000000000000     
  0.54263082434416521        0.0000000000000000     
  0.55932715740090877        0.0000000000000000     
  0.57602349045765233        0.0000000000000000     
  0.59271982351439578        0.0000000000000000     
  0.60941615657113934        0.0000000000000000     
  0.62611248962788291        0.0000000000000000     
  0.64280882268462647        0.0000000000000000     
  0.65950515574137003        0.0000000000000000     
  0.67620148879811359        0.0000000000000000     
  0.69289782185485704        0.0000000000000000     
  0.70959415491160061        0.0000000000000000     
  0.72629048796834417        0.0000000000000000     
  0.74298682102508773        0.0000000000000000     
  0.75968315408183129        0.0000000000000000     
  0.77637948713857485        0.0000000000000000     
  0.79307582019531830        0.0000000000000000     
  0.80977215325206187        0.0000000000000000     
  0.82646848630880543        0.0000000000000000     
  0.84316481936554899        0.0000000000000000     
  0.85986115242229255        0.0000000000000000     
  0.87655748547903611        0.0000000000000000     
  0.89325381853577968        0.0000000000000000     
  0.90995015159252313        0.0000000000000000     
  0.92664648464926669        0.0000000000000000     
  0.94334281770601025        0.0000000000000000     
  0.96003915076275381        0.0000000000000000     
  0.97673548381949737        0.0000000000000000     
  0.99343181687624083        0.0000000000000000     
   1.0101281499329844        0.0000000000000000     
   1.0268244829897279        0.0000000000000000     
   1.0435208160464715        0.0000000000000000     
   1.0602171491032151        0.0000000000000000     
   1.0769134821599586        0.0000000000000000     
   1.0936098152167022        0.0000000000000000     
   1.1103061482734458        0.0000000000000000     
   1.1270024813301893        0.0000000000000000     
   1.1436988143869329        0.0000000000000000     
   1.1603951474436764        0.0000000000000000     
   1.1770914805004198        0.0000000000000000     
   1.1937878135571633        0.0000000000000000     
   1.2104841466139069        0.0000000000000000     
   1.2271804796706505        0.0000000000000000     
   1.2438768127273940        0.0000000000000000     
   1.2605731457841376        0.0000000000000000     
   1.2772694788408812        0.0000000000000000     
   1.2939658118976247        0.0000000000000000     
   1.3106621449543683        0.0000000000000000     
   1.3273584780111118        0.0000000000000000     
   1.3440548110678554        0.0000000000000000     
   1.3607511441245990        0.0000000000000000     
   1.3774474771813425        0.0000000000000000     
   1.3941438102380859        0.0000000000000000     
   1.4108401432948294        0.0000000000000000     
   1.4275364763515730        0.0000000000000000     
   1.4442328094083166        0.0000000000000000     
   1.4609291424650601        0.0000000000000000     
   1.4776254755218037        0.0000000000000000     
   1.4943218085785472        0.0000000000000000     
   1.5110181416352908        0.0000000000000000     
   1.5277144746920344        0.0000000000000000     
   1.5444108077487779        0.0000000000000000     
   1.5611071408055215        0.0000000000000000     
   1.5778034738622650        0.0000000000000000     
   1.5944998069190084        0.0000000000000000     
   1.6111961399757520        0.0000000000000000     
   1.6278924730324955        0.0000000000000000     
   1.6445888060892391        0.0000000000000000     
   1.6612851391459826        0.0000000000000000     
   1.6779814722027262        0.0000000000000000     
   1.6946778052594698        0.0000000000000000     
   1.7113741383162133        0.0000000000000000     
   1.7280704713729569        0.0000000000000000     
   1.7447668044297004        0.0000000000000000     
   1.7614631374864440        0.0000000000000000     
   1.7781594705431876        0.0000000000000000     
   1.7948558035999311        0.0000000000000000     
   1.8115521366566745        0.0000000000000000     
   1.8282484697134180        0.0000000000000000     
   1.8449448027701616        0.0000000000000000     
   1.8616411358269052        0.0000000000000000     
   1.8783374688836487        0.0000000000000000     
   1.8950338019403923        2.0043210266197527E-003
   1.9117301349971358        3.9389278686786759E-003
   1.9284264680538794        5.8065248878781820E-003
   1.9451228011106230        1.1414539760985380E-002
   1.9618191341673665        1.4961435318162311E-002
   1.9785154672241101        1.1032490325342008E-002
   1.9952118002808534        3.7970165469695449E-002
   2.0119081333375970        6.0459399427410583E-002
   2.0286044663943406        8.0457082699312524E-002
   2.0453007994510841        9.1193250871745596E-002
   2.0619971325078277       0.11172980117565424     
   2.0786934655645712       0.17490797098389330     
   2.0953897986213148       0.20000063964134038     
   2.1120861316780584       0.23557587361746984     
   2.1287824647348019       0.31766446191676806     
   2.1454787977915455       0.34088606161168600     
   2.1621751308482891       0.41416343004137385     
   2.1788714639050326       0.43967926002847685     
   2.1955677969617762       0.57785445381495659     
   2.2122641300185197       0.56622361551534839     
   2.2289604630752633       0.60268419816755336     
   2.2456567961320069       0.69223917880673658     
   2.2623531291887504       0.77487565062512442     
   2.2790494622454940       0.79127931169307975     
   2.2957457953022375       0.89452999812696099     
   2.3124421283589811       0.99607302393762454     
   2.3291384614157247        1.0349162187142713     
   2.3458347944724678        1.0202367419477667     
   2.3625311275292113        1.1232185852661458     
   2.3792274605859549        1.1570994022090146     
   2.3959237936426985        1.1861683720687637     
   2.4126201266994420        1.1463125457489605     
   2.4293164597561856        1.2208634621564451     
   2.4460127928129292        1.2355325740727072     
   2.4627091258696727        1.2176495868243280     
   2.4794054589264163        1.2914619366878690     
   2.4961017919831598        1.2534481060172460     
   2.5127981250399034        1.3440016776308497     
   2.5294944580966470        1.3431919078493713     
   2.5461907911533905        1.3511696963816047     
   2.5628871242101341        1.3632095701469238     
   2.5795834572668777        1.3629269625126299     
   2.5962797903236212        1.3753526921426342     
   2.6129761233803648        1.3114468737741263     
   2.6296724564371083        1.3552171020534880     
   2.6463687894938519        1.3289204890846875     
   2.6630651225505955        1.4239518423316100     
   2.6797614556073390        1.3381050132589951     
   2.6964577886640826        1.2730777293021720     
   2.7131541217208262        1.3024363237555314     
   2.7298504547775697        1.4159811173104617     
   2.7465467878343133        1.3558800757084593     
   2.7632431208910568        1.2301937635271620     
   2.7799394539478000        1.3588947531822417     
   2.7966357870045435        1.2663326857351604     
   2.8133321200612871        1.3286463876760997     
   2.8300284531180306        1.3202050701563028     
   2.8467247861747742        1.3411803635403956     
   2.8634211192315178        1.2650122690237331     
   2.8801174522882613        1.2816259788521569     
   2.8968137853450049        1.2952004738253848     
   2.9135101184017484        1.2405448470730811     
   2.9302064514584920        1.2608185802368208     
   2.9469027845152356        1.2648065900836356     
   2.9635991175719791        1.2055215090957656     
   2.9802954506287227        1.2050179971179444     
   2.9969917836854663        1.2373067886731492     
   3.0136881167422098        1.2117473496848075     
   3.0303844497989534        1.2101885590008588     
   3.0470807828556969        1.2178938938026853     
   3.0637771159124405        1.2230594168655144     
   3.0804734489691841        1.1681187241446624     
   3.0971697820259276        1.1788196395104855     
   3.1138661150826712        1.1795741063984875     
   3.1305624481394148        1.1288346426575595     
   3.1472587811961583        1.1292427499862170     
   3.1639551142529019        1.1914150598046660     
   3.1806514473096454        1.1205973824552429     
   3.1973477803663886        1.1117408890053671     
   3.2140441134231321        1.1594468896115155     
   3.2307404464798757        1.1199099205138532     
   3.2474367795366192        1.1548355723377866     
   3.2641331125933628        1.1241358652328730     
   3.2808294456501064        1.1167356160399291     
   3.2975257787068499        1.1213423166677619     
   3.3142221117635935        1.1022090557006217     
   3.3309184448203371        1.1177855292700893     
   3.3476147778770806        1.0983136018369202     
   3.3643111109338242        1.0263900541449822     
   3.3810074439905677        1.0691696850529508     
   3.3977037770473113        1.0792628951021321     
   3.4144001101040549        1.0532983593848424     
   3.4310964431607984        1.0785342321602158     
   3.4477927762175420        1.0681136726529192     
   3.4644891092742855        1.0560443550947523     
   3.4811854423310291        1.0940483433042316     
   3.4978817753877727        1.0730396871832419     
   3.5145781084445162        1.0488836371112813     
   3.5312744415012598       0.98646191970445196     
   3.5479707745580034        1.0200841201071256     
   3.5646671076147469        1.0541674932361973     
   3.5813634406714905        1.0482896174305043     
   3.5980597737282340        1.0296874960332707     
   3.6147561067849776        1.0152395768658973     
   3.6314524398417207        1.0190249112080685     
   3.6481487728984643        1.0151270384468352     
   3.6648451059552078        1.0155449964062353     
   3.6815414390119514        1.0190999791688784     
   3.6982377720686950       0.95887041057643996     
   3.7149341051254385       0.99825365361868035     
   3.7316304381821821        1.0131179778395911     
   3.7483267712389257        1.0205062033220713     
   3.7650231042956692        1.0256927425381008     
   3.7817194373524128       0.96682964375394831     
   3.7984157704091563       0.97281624659989852     
   3.8151121034658999       0.96283650617336880     
   3.8318084365226435       0.97407297195774412     
   3.8485047695793870       0.99868602425791508     
   3.8652011026361306       0.96839619041552338     
   3.8818974356928742       0.98444415081697523     
   3.8985937687496177       0.98834298668478637     
   3.9152901018063613       0.98274883989517470     
   3.9319864348631048       0.96976488111023496     
   3.9486827679198484       0.99712697804168759     
   3.9653791009765920       0.99240982575394676     
   3.9820754340333355       0.96186294795336180     
   3.9987717670900786        1.0294710416152140     
   4.0154681001468226       0.94325331726521011     
   4.0321644332035662       0.96290623022516708     
   4.0488607662603098       0.96332347347617009     
   4.0655570993170533       0.95586288556519938     
   4.0822534323737969       0.96922393665745199     
   4.0989497654305405       0.99990068148766853     
   4.1156460984872840       0.95950909558153408     
   4.1323424315440276       0.96694553562494046     
   4.1490387646007711       0.94830768414836364     
   4.1657350976575147       0.95938635737179412     
   4.1824314307142583       0.95832547640377974     
   4.1991277637710018       0.96827275395181522     
   4.2158240968277454       0.96264336631898140     
   4.2325204298844890       0.95586711409832215     
   4.2492167629412325       0.97547782573074260     
   4.2659130959979761       0.97972277340224323     
   4.2826094290547196       0.94619680461468370     
   4.2993057621114632       0.96456288175536675     
   4.3160020951682068       0.96252415747784892     
   4.3326984282249503        1.0030487034154272     
   4.3493947612816939       0.98318684627193698     
   4.3660910943384375       0.97077301559451434     
   4.3827874273951810       0.96713788213826324     
   4.3994837604519246       0.97171112784815716     
   4.4161800935086681       0.98947418206205551     
   4.4328764265654117       0.98899414134529529     
   4.4495727596221553       0.96050005073544142     
   4.4662690926788988       0.98147747489378856     
   4.4829654257356424       0.95734700788566807     
   4.4996617587923859       0.97834019335351552     
   4.5163580918491295        1.0085250531479997     
   4.5330544249058731        1.0098665334965589     
   4.5497507579626166       0.98855958659270915     
   4.5664470910193602       0.99618654355139380     
   4.5831434240761038        1.0139563822172433     
   4.5998397571328473       0.97633238684516166     
   4.6165360901895909       0.98684500195865332     
   4.6332324232463344        1.0115988823346782     
   4.6499287563030780       0.97372086671839675     
   4.6666250893598216       0.95288397545747383     
   4.6833214224165651       0.99663943268721522     
   4.7000177554733078       0.97164998058111451     
   4.7167140885300514       0.98710717553225091     
   4.7334104215867949        1.0074626007566088     
   4.7501067546435385       0.98763259851376128     
   4.7668030877002820       0.98674476594307725     
   4.7834994207570256        1.0374338260705360     
   4.8001957538137692       0.99930382009837371     
   4.8168920868705127        1.0113115579269059     
   4.8335884199272563        1.0052612527811005     
   4.8502847529839999       0.97999457328526562     
   4.8669810860407434        1.0073152760724375     
   4.8836774190974870        1.0103985494599970     
   4.9003737521542305        1.0050238033016636     
   4.9170700852109741       0.99285138412664131     
   4.9337664182677177        1.0287230333474129     
   4.9504627513244612        1.0118096949869739     
   4.9671590843812048       0.99976785703049764     
   4.9838554174379484        1.0156834056472077     
   5.0005517504946919        1.0451812281852126     
   5.0172480835514355        1.0082131576189162     
   5.0339444166081790        1.0123299086545610     
   5.0506407496649226        1.0333003763614068     
   5.0673370827216662        1.0035167860053016     
   5.0840334157784097        1.0272900149335298     
   5.1007297488351533        1.0147659901445889     
   5.1174260818918968        1.0276696080240704     
   5.1341224149486404        1.0100737778051936     
   5.1508187480053840        1.0021796041374085     
   5.1675150810621275        1.0275207262346304     
   5.1842114141188711        1.0185025530510528     
   5.2009077471756147        1.0053212375438161     
   5.2176040802323582        1.0401436397640482     
   5.2343004132891018        1.0040945225780697     
   5.2509967463458453        1.0376594343564987     
   5.2676930794025889        1.0105998434602212     
   5.2843894124593325        1.0446917874120161     
   5.3010857455160760        1.0107148048384886     
   5.3177820785728196        1.0524843484276765     
   5.3344784116295632        1.0226358698781750     
   5.3511747446863067        1.0278270625822030     
   5.3678710777430503        1.0097023341847380     
   5.3845674107997938        1.0590596425667211     
   5.4012637438565374        1.0315507594281572     
   5.4179600769132810        1.0315781039602456     
   5.4346564099700245       0.99819862602519316     
   5.4513527430267681        1.0323003622486797     
   5.4680490760835117        1.0139691912057873     
   5.4847454091402552        1.0190509492470856     
   5.5014417421969988        1.0157287357487976     
   5.5181380752537423        1.0303931122780188     
   5.5348344083104859        1.0559053933831031     
   5.5515307413672286        1.0283107874262527     
   5.5682270744239721        1.0228496994623755     
   5.5849234074807157       0.99458986989208287     
   5.6016197405374593        1.0102323391866919     
   5.6183160735942028       0.99922028430014453     
   5.6350124066509464       0.99353443030114863     
   5.6517087397076899        1.0016440714272139     
   5.6684050727644335        1.0098650815839525     
   5.6851014058211771        1.0253215562841489     
   5.7017977388779206        1.0191041366585547     
   5.7184940719346642        1.0120613060148309     
   5.7351904049914078        1.0346250535062653     
   5.7518867380481513        1.0240584639325081     
   5.7685830711048949        1.0300357380847449     
   5.7852794041616384        1.0172171377653259     
   5.8019757372183820        1.0130816385489476     
   5.8186720702751256       0.99983519330391446     
   5.8353684033318691        1.0323817072713444     
   5.8520647363886127        1.0393199336255075     
   5.8687610694453562        1.0008135667851468     
   5.8854574025020998        1.0211179604645779     
   5.9021537355588434        1.0172085574314100     
   5.9188500686155869        1.0182579845737070     
   5.9355464016723305        1.0059996733700749     
   5.9522427347290741        1.0133661238298908     
   5.9689390677858176        1.0145737500776000     
   5.9856354008425612        1.0169575534793562     
   6.0023317338993047        1.0157030534036879     
   6.0190280669560483        1.0305396726753659     
   6.0357244000127919        1.0064711787033642     
   6.0524207330695354        1.0152697471003493     
   6.0691170661262790        1.0278646243260543     
   6.0858133991830226        1.0206777737603603     
   6.1025097322397661        1.0263104810034034     
   6.1192060652965097        1.0260998333643885     
   6.1359023983532532        1.0172731402275854     
   6.1525987314099968        1.0256400314204928     
   6.1692950644667404        1.0159354717116948     
   6.1859913975234839        1.0153492706164668     
   6.2026877305802275        1.0274765006880642     
   6.2193840636369710        1.0195481756173075     
   6.2360803966937146        1.0172425487063250     
   6.2527767297504582        1.0031645334439252     
   6.2694730628072017        1.0315229007250379     
   6.2861693958639453        1.0204039920498986     
   6.3028657289206889        1.0077575909845942     
   6.3195620619774324        1.0091081306374827     
   6.3362583950341760       0.97672553992996591     
   6.3529547280909195        1.0202853038513939     
   6.3696510611476631        1.0200882983102206     
   6.3863473942044067        1.0085846665857383     
   6.4030437272611493        1.0114074405248958     
   6.4197400603178929        1.0058040866113747     
   6.4364363933746365        1.0101486045924275     
   6.4531327264313800       0.99524881604810533     
   6.4698290594881236        1.0195230340949950     
   6.4865253925448672       0.98519917125496559     
   6.5032217256016107        1.0083990694771507     
   6.5199180586583543        1.0101832850067329     
   6.5366143917150978       0.99694324170441606     
   6.5533107247718414       0.99857383494753738     
   6.5700070578285850        1.0093463249980414     
   6.5867033908853285        1.0029084620474913     
   6.6033997239420721        1.0201276170391291     
   6.6200960569988156        1.0110467405693939     
   6.6367923900555592        1.0033515149391745     
   6.6534887231123028        1.0103540880793609     
   6.6701850561690463        1.0090232707545237     
   6.6868813892257899       0.98676659582454662     
   6.7035777222825335        1.0105281912348745     
   6.7202740553392770        1.0069475689758796     
   6.7369703883960206        1.0083062311233062     
   6.7536667214527641        1.0367817006866940     
   6.7703630545095077        1.0183270236190871     
   6.7870593875662513       0.99910363180017059     
   6.8037557206229948        1.0273255426998584     
   6.8204520536797384        1.0365371251847399     
   6.8371483867364820       0.99067738693000085     
   6.8538447197932255        1.0284534289587517     
   6.8705410528499691        1.0050105902285635     
   6.8872373859067126        1.0065169597245347     
   6.9039337189634562        1.0052788250079292     
   6.9206300520201998        1.0163641157556098     
   6.9373263850769433        1.0126742410032519     
   6.9540227181336869       0.99650521411884940     
   6.9707190511904304        1.0154382184067188     
   6.9874153842471740        1.0086747533394647     
   7.0041117173039176        1.0057789323356237     
   7.0208080503606611        1.0137050607754832     
   7.0375043834174047       0.99945414164883029     
   7.0542007164741483        1.0232238030463854     
   7.0708970495308918        1.0063043545355823     
   7.0875933825876354        1.0279334265466675     
   7.1042897156443789        1.0001467214504998     
   7.1209860487011225        1.0078114386750210     
   7.1376823817578661        1.0022543540013122     
   7.1543787148146096        1.0162847477113333     
   7.1710750478713532        1.0025998156183404     
   7.1877713809280968       0.99947990383149021     
   7.2044677139848403        1.0381192116490336     
   7.2211640470415839        1.0072357415810607     
   7.2378603800983274        1.0020445158992168     
   7.2545567131550710        1.0026345443192013     
   7.2712530462118137       0.99735461414783710     
   7.2879493792685572        1.0171829444939808     
   7.3046457123253008        1.0014767103130602     
   7.3213420453820444        1.0163851600572031     
   7.3380383784387879        1.0090917885615998     
   7.3547347114955315        1.0242091860023435     
   7.3714310445522750        1.0054011222313399     
   7.3881273776090186        1.0203782220973197     
   7.4048237106657622        1.0085619753729942     
   7.4215200437225057        1.0109552595537912     
   7.4382163767792493        1.0267167930231349     
   7.4549127098359929        1.0107257723592338     
   7.4716090428927364       0.99744598693650233     
   7.4883053759494800        1.0028868461149762     
   7.5050017090062235        1.0140200552384480     
   7.5216980420629671        1.0115588835129050     
   7.5383943751197107        1.0089828822926534     
   7.5550907081764542        1.0086895818654289     
   7.5717870412331978        1.0055014852861182     
   7.5884833742899414        1.0085813795306695     
   7.6051797073466849       0.98213077432912199     
   7.6218760404034285        1.0121533990324136     
   7.6385723734601720        1.0024290105721645     
   7.6552687065169156        1.0017458286666865     
   7.6719650395736592        1.0081518635617814     
   7.6886613726304027        1.0084049356874616     
   7.7053577056871463        1.0219818182773563     
   7.7220540387438898        1.0198606643899411     
   7.7387503718006334        1.0169069691198731     
   7.7554467048573770       0.99769402294028420     
   7.7721430379141205        1.0073534506738842     
   7.7888393709708641        1.0240397762148961     
   7.8055357040276077        1.0074951562411480     
   7.8222320370843512        1.0193149224353846     
   7.8389283701410948        1.0081835693617276     
   7.8556247031978383        1.0065852119913898     
   7.8723210362545819        1.0044106115909046     
   7.8890173693113255        1.0035175622561969     
   7.9057137023680690        1.0060780276140193     
   7.9224100354248126       0.99461709280926580     
   7.9391063684815562        1.0117930337106065     
   7.9558027015382997        1.0083467528819590     
   7.9724990345950433        1.0128474622604471     
   7.9891953676517868        1.0244063147018565     
   8.0058917007085295        1.0156459387397951     
   8.0225880337652740        1.0292044222458208     
   8.0392843668220166        1.0228178478377536     
   8.0559806998787611        1.0253479931063616     
   8.0726770329355038       0.99747470457871323     
   8.0893733659922482        1.0004010668743091     
   8.1060696990489909        1.0073479331399653     
   8.1227660321057353        1.0145565637900704     
   8.1394623651624780       0.99670927878989390     
   8.1561586982192225        1.0094038632327038     
   8.1728550312759651        1.0109950795627756     
   8.1895513643327096        1.0034427350957116     
   8.2062476973894523       0.99765356271110728     
   8.2229440304461967        1.0242639521910808     
   8.2396403635029394        1.0069707529188323     
   8.2563366965596838        1.0263433639767461     
   8.2730330296164265        1.0068507805587505     
   8.2897293626731710        1.0189293258060648     
   8.3064256957299136        1.0159847781841187     
   8.3231220287866581        1.0014184816691623     
   8.3398183618434008        1.0000000000000000     
