 # N =          125 , rho (g/cm^3) =    2.0000000000000000E-003 , L (A) =    74.614604445148288      , a (A) =    14.922920889029657      , M =            5
 # time (ps), kin/N (kJ/mol), pot/N (kJ/mol), tot/N (kJ/mol), temp (K), pres (Pa)
   0.0000000000000000        0.0000000000000000       -3.3275011045285233E-005  -3.3275011045285233E-005   0.0000000000000000       -2745.4507225101397     
  0.25000000000000749        2.0533161605934112       -3.6625809190719248E-005   2.0532795347842208        165.96589794331706        686761.14976569300     
  0.50000000000006817        3.1970470056292846       -8.2462757530058495E-005   3.1969645428717541        258.41163053180907        1070784.1532820363     
  0.75000000000012890        3.5314411587117607        5.7012235074599352E-003   3.5371423822192209        285.44011593918503        1200889.1213074264     
   1.0000000000001896        3.6704488440848584       -2.2701256670971375E-003   3.6681787184177610        296.67586022773179        1229729.8699686031     
   1.2500000000002505        4.0861388410562069       -3.6845128290694858E-003   4.0824543282271382        330.27534429036461        1368813.5874725198     
   1.5000000000003111        3.8298907917713403       -5.6273824849431054E-004   3.8293280535228460        309.56326964157034        1296240.4081158414     
   1.7500000000003719        3.2274627591819924        4.6988381609379022E-003   3.2321615973429303        260.87008186379438        1103846.5997500138     
   2.0000000000004325        3.4569559667280267       -2.4429293065229146E-003   3.4545130374215036        279.41961017961989        1156706.3500573463     
   2.2500000000004934        3.1866370226566332       -1.6000048989669249E-003   3.1850370177576668        257.57021009944305        1067676.1431521836     
   2.5000000000005542        3.5371050601423297       -8.7179315336537687E-004   3.5362332669889645        285.89791903099683        1193523.0778876680     
   2.7500000000006151        3.8901379054001830        1.3955124986522670E-002   3.9040930303867056        314.43293681889105        1355299.9448252663     
   3.0000000000006759        3.7083669046848642       -5.9871696116239066E-003   3.7023797350732406        299.74070971195852        1242072.4475012498     
   3.2500000000007363        3.8912250698197446       -3.4273202367426994E-003   3.8877977495830018        314.52081038778772        1307379.8622502862     
   3.5000000000007971        3.4871169088657101        2.3178914721585883E-002   3.5102958235872959        281.85746555755173        1240968.7356878230     
   3.7500000000008575        3.5407174304559748       -3.7334792886507557E-003   3.5369839511673238        286.18990050677434        1183950.2158996584     
   4.0000000000009184        3.5369496569765828        5.4148504970900017E-003   3.5423645074736729        285.88535806915303        1211975.3903051030     
   4.2500000000009788        3.6500043905279251       -2.9446294403637336E-003   3.6470597610875615        295.02337136232671        1220452.5875954032     
   4.5000000000010401        3.4776830951114923       -1.7087657917426982E-003   3.4759743293197491        281.09494714913654        1175931.6443402085     
   4.7500000000011005        3.4544819235285771        1.4200878264508349E-002   3.4686828017930851        279.21963766246569        1206480.5258397632     
   5.0000000000011617        3.4687082689151687        8.2789201594793485E-003   3.4769871890746482        280.36952788972377        1190642.6374182459     
   5.2500000000012221        3.3145277577761241       -2.0801185241437620E-003   3.3124476392519804        267.90739104609423        1116422.6759073869     
   5.5000000000012825        3.9237137454740574       -1.4048287722752090E-003   3.9223089167017822        317.14681233110218        1317518.8626494049     
   5.7500000000013438        3.6134613471436436       -1.3812804737672014E-003   3.6120800666698765        292.06966207719591        1217765.5374999160     
   6.0000000000014042        3.9835430252697162       -4.7824816231483569E-004   3.9830647771074017        321.98270674188734        1347551.4948819554     
   6.2500000000014655        3.8857848803106596        3.9230181457058236E-003   3.8897078984563653        314.08108953320868        1322026.0756228489     
   6.5000000000015259        4.1897441907817115        2.7097295234756662E-003   4.1924539203051872        338.64958067389131        1430105.6548911165     
   6.7500000000015863        3.7444572877046567       -2.5790829551830207E-003   3.7418782047494736        302.65783126389090        1260190.9650566680     
   7.0000000000016476        3.6427814841790029       -1.2035498014937418E-003   3.6415779343775094        294.43955667223395        1233666.1754590452     
   7.2499999999998535        3.8732259662806725        8.1654818781147368E-004   3.8740425144684836        313.06597482063688        1317878.4084391785     
   7.4999999999979678        3.8034809737442368        1.0828998270114318E-003   3.8045638735712486        307.42861096235305        1291445.0273031066     
   7.7499999999960822        4.0738836834801013       -8.3655085873101081E-004   4.0730471326213697        329.28478167239564        1376929.1874576237     
   7.9999999999941966        3.8429009765448963       -1.1674505735321629E-003   3.8417335259713643        310.61485976674993        1293899.1087337288     
   8.2499999999923119        3.7357114333343580       -2.2023110455044585E-003   3.7335091222888535        301.95091939045165        1257373.0340412681     
   8.4999999999904254        3.5080296270696891       -4.6412086381829518E-003   3.5033884184315061        283.54780342259630        1177576.6854556759     
   8.7499999999885407        3.7280523275611666       -5.8952554138519851E-003   3.7221570721473145        301.33184747571875        1251314.1413357155     
   8.9999999999866560        3.4205220683286486        5.2317961845949588E-004   3.4210452479471081        276.47472288974399        1161153.4920330599     
   9.2499999999847695        3.8844955332998174       -2.4438748983795053E-003   3.8820516584014380        313.97687390459691        1306175.2122662789     
   9.4999999999828848        3.8291223360312938        3.6804484139717308E-003   3.8328027844452657        309.50115672911483        1310566.0176443632     
   9.7499999999809983        4.0582966766963944       -1.8426920969802710E-003   4.0564539845994148        328.02491160135952        1368584.3239295240     
   9.9999999999791136        3.7480503364950630       -4.8389263996669683E-003   3.7432114100953959        302.94825101526595        1262050.9066940194     
   10.249999999977229        3.8486659117396917       -3.4105454236361549E-003   3.8452553663160560        311.08082923825731        1286891.5844241951     
   10.499999999975342        3.7437909041649351       -2.9572528361029981E-003   3.7408336513288321        302.60396866607618        1256187.0657219104     
   10.749999999973458        3.9293969620008000       -1.6491694140100444E-003   3.9277477925867901        317.60617662782818        1321139.4763413509     
   10.999999999971573        4.1197658521617262        1.3524857523627732E-004   4.1199011007369624        332.99335586616814        1391749.7662312686     
   11.249999999969686        3.7752516074791078       -3.4941675422885897E-003   3.7717574399368194        305.14688143113028        1266629.3272699402     
   11.499999999967802        3.7263931353725708        2.3341110062292052E-002   3.7497342454348628        301.19773791834734        1318597.1141997837     
   11.749999999965915        4.0277295153248476       -3.8832818762575359E-003   4.0238462334485900        325.55422224432408        1348491.3820009062     
   11.999999999964031        4.3620115117674674       -3.4751731646365780E-003   4.3585363386028302        352.57364222972484        1464310.0681485247     
   12.249999999962146        4.1244703889688070       -4.6974462068367718E-003   4.1197729427619700        333.37361521958832        1381609.6579236742     
   12.499999999960259        3.9896681610217559        5.6858838456610231E-003   3.9953540448674167        322.47779058461037        1367269.8998340792     
   12.749999999958375        4.0597424193224620       -1.5734488084495897E-003   4.0581689705140125        328.14176840974352        1377570.2422475233     
   12.999999999956488        3.8730983988150682        7.6567424993200317E-003   3.8807551413143888        313.05566376899100        1335653.1565381254     
   13.249999999954603        3.5957305991601243       -5.7531970757621423E-004   3.5951552794525474        290.63651721291893        1226438.0632395614     
   13.499999999952719        3.7087085782935159        1.4568578598198743E-002   3.7232771568917151        299.76832658282899        1292222.3867623203     
   13.749999999950832        3.6471437543421339       -1.7722203255201591E-003   3.6453715340166131        294.79215122079393        1233460.6619848202     
   13.999999999948948        4.0341319258523693       -6.1063908341419629E-004   4.0335212867689556        326.07171771462458        1369234.6255782750     
   14.249999999947063        3.6132250537566382        4.8330543785125829E-002   3.6615555975417640        292.05056290245363        1343462.7359596123     
   14.499999999945176        3.2842828796822601       -4.2075759830494499E-003   3.2800753036992107        265.46275127392022        1106207.2389296095     
   14.749999999943292        3.5079249516562347       -2.5200719011249069E-003   3.5054048797551096        283.53934269486234        1186242.2971631833     
   14.999999999941405        3.5016730775593792        1.3495038136300104E-002   3.5151681156956793        283.03401481685381        1226545.8409969420     
   15.249999999939520        3.9437472408661494       -1.8787241271785811E-003   3.9418685167389707        318.76608417803050        1332978.0819919889     
   15.499999999937636        4.2078383200718852       -4.0072271003425211E-003   4.2038310929715434        340.11209700370881        1423196.0253442572     
   15.749999999935749        4.3153608890898303       -4.8960153767793075E-003   4.3104648737130518        348.80295526446417        1445375.5873550344     
   15.999999999933864        4.1530574797179849       -6.0357708401658340E-004   4.1524539026339680        335.68425898542870        1405516.5848027221     
   16.249999999931980        3.9100426678338294        2.7035533737844245E-002   3.9370782015716732        316.04180340945732        1400570.0294525530     
   16.499999999930093        3.6191645601144811       -1.1827394919904713E-003   3.6179818206224903        292.53064265097834        1223593.4793506274     
   16.749999999928207        3.4494350345523923       -2.7671114944390245E-003   3.4466679230579529        278.81170659133898        1163918.0712191167     
   16.999999999926324        3.9447873211820181       -3.2609271133723235E-003   3.9415263940686458        318.85015202246143        1331426.6761666685     
   17.249999999924437        3.8280061004989450        3.4561400812093122E-003   3.8314622405801542        309.41093339381069        1305848.8606916557     
   17.499999999922551        3.9355073607427431       -5.5484583582128188E-003   3.9299589023845303        318.10006930420258        1320902.8447963872     
   17.749999999920668        4.0527977858288784        4.5733487205164187E-003   4.0573711345493955        327.58044602025012        1388928.0025487193     
   17.999999999918781        3.8921044090455341       -3.7879532432787666E-003   3.8883164558022552        314.59188581543293        1303644.5072125145     
   18.249999999916895        3.6327678619815535       -1.5375321461646772E-003   3.6312303298353887        293.63017337726956        1230743.6912720858     
   18.499999999915012        3.9278197385319200       -1.1423297811266548E-003   3.9266774087507934        317.47869245646984        1334723.3810072180     
   18.749999999913125        3.5230835512438907       -3.1379878186528331E-003   3.5199455634252379        284.76458537322384        1191543.8637924008     
   18.999999999911239        3.9902654428966375        8.2423201076581992E-004   3.9910896749074039        322.52606781760181        1355903.0151344507     
   19.249999999909353        4.3011555647493855       -6.7140364255567466E-003   4.2944415283238291        347.65476413102624        1437732.7491644640     
   19.499999999907470        4.0700569446215633        9.4154863772335489E-003   4.0794724309987966        328.97547316791855        1409745.6755300090     
   19.749999999905583        3.7608542086208598        9.3209196438312648E-003   3.7701751282646909        303.98316525560153        1298335.2137876556     
   19.999999999903697        4.0679698291105533       -2.2914394123680921E-003   4.0656783896981850        328.80677532851905        1367410.3609660338     
   20.249999999901814        3.6998427319921765       -2.9423401531704784E-003   3.6969003918390064        299.05171597474612        1242499.5396380022     
   20.499999999899927        4.4487046866738762       -1.4810318781038279E-004   4.4485565834860656        359.58089756381872        1500634.2005327148     
   20.749999999898041        3.8939085756531528       -4.9398373158394213E-003   3.8889687383373133        314.73771339757508        1307441.7093529752     
   20.999999999896158        3.6502122493198006       -5.3929476905952593E-003   3.6448193016292052        295.04017221925324        1224001.7402163467     
   21.249999999894271        3.3222575556985623        1.5929806878012532E-002   3.3381873625765750        268.53217688167985        1169314.2713208222     
   21.499999999892385        3.2690961901668727        6.9141649577728502E-003   3.2760103551246456        264.23523813659642        1134073.5324266101     
   21.749999999890502        3.3179370683657101       -1.4787750306944816E-003   3.3164582933350157        268.18295956507222        1130074.5906157668     
   21.999999999888615        3.2935354145523190       -3.5084078093706203E-003   3.2900270067429487        266.21061723213552        1102945.5464194284     
   22.249999999886729        3.6518305003287934       -4.1698588106689203E-003   3.6476606415181250        295.17097257380146        1221206.3235296779     
   22.499999999884842        3.5185457279398391        3.1451494283263777E-003   3.5216908773681657        284.39780117611929        1198787.7489674380     
   22.749999999882959        3.5445728919694117       -3.3465194958791841E-003   3.5412263724735320        286.50153061242668        1185355.1681992002     
   22.999999999881073        3.4552266831399288       -2.9695731069744567E-003   3.4522571100329542        279.27983525893046        1155463.4965365536     
   23.249999999879186        3.6012148043039276        4.2160273971825193E-003   3.6054308317011099        291.07979577306702        1229668.7695814075     
   23.499999999877303        3.3992201735983030       -2.6097636049903605E-003   3.3966104099933125        274.75292857736974        1146369.4045094214     
   23.749999999875417        3.8117451555940782       -4.9265904540761254E-003   3.8068185651400022        308.09659010156145        1274548.5125516509     
   23.999999999873530        3.8957572317257232        2.8246728591993851E-003   3.8985819045849230        314.88713698414244        1324713.2730005807     
   24.249999999871648        3.9698965608022045        8.5945918156044940E-003   3.9784911526178091        320.87968725927260        1361332.7470677441     
   24.499999999869761        3.6598478508452339       -2.8440597785190846E-003   3.6570037910667148        295.81900077477894        1226986.2672021056     
   24.749999999867875        3.9379419471571642       -1.6694198482234718E-003   3.9362725273089407        318.29685259951020        1318094.4846481481     
   24.999999999865992        3.6233910278457797       -2.2326492281990371E-003   3.6211583786175807        292.87226053019992        1212360.2850760296     
   25.249999999864105        3.6224616906888687       -4.7555350964697271E-003   3.6177061555923991        292.79714385859387        1214308.8663666146     
   25.499999999862219        3.2866376469703082        5.1319212052156034E-003   3.2917695681755239        265.65308293102629        1130914.5248346669     
   25.749999999860332        3.3320769343133709        2.5677461937360604E-002   3.3577543962507317        269.32585981289543        1182543.4210624208     
   25.999999999858449        3.2418054027166026       -3.8599513235524196E-003   3.2379454513930503        262.02937226377571        1083293.5101693878     
   26.249999999856563        3.4194029199840075       -2.5300350361280692E-003   3.4168728849478796        276.38426411699635        1150304.4049786034     
   26.499999999854676        3.4378528196026727       -3.2483438400424404E-003   3.4346044757626304        277.87553673050894        1149167.3087228572     
   26.749999999852793        3.8554991324084353       -3.3750785983627644E-003   3.8521240538100727        311.63314632702219        1291887.1080096117     
   26.999999999850907        3.4568372181284164        3.8428097308698379E-004   3.4572214991015033        279.41001194124721        1168279.6829102216     
   27.249999999849020        3.9095181615220178       -2.0087353353198298E-003   3.9075094261866976        315.99940849595720        1310272.1328370902     
   27.499999999847137        3.9648735996750615       -2.1653400276375983E-003   3.9627082596474241        320.47369023368071        1326701.5690982719     
   27.749999999845251        3.8161280798409956        2.8611638383373774E-004   3.8164141962248292        308.45085408302589        1291701.9092485076     
   27.999999999843364        4.1527822137181314       -2.7744900014117992E-003   4.1500077237167199        335.66200972361713        1392675.1401911622     
   28.249999999841481        3.9013978215663778       -2.2251020842074805E-003   3.8991727194821704        315.34305584154998        1305449.7009676774     
   28.499999999839595        3.8852978593781970       -2.6118053811601725E-003   3.8826860539970367        314.04172449633586        1305479.5604054886     
   28.749999999837708        3.8142397013744112       -2.7659791318838012E-003   3.8114737222425275        308.29821980590953        1276161.9965867375     
   28.999999999835822        3.7971660007114392        2.3536651635681808E-002   3.8207026523471215        306.91818290943542        1335627.9021578424     
   29.249999999833939        3.8205422239255156       -3.3455893773361371E-003   3.8171966345481798        308.80764150850780        1282532.4792691926     
   29.499999999832053        4.0577814005283219        6.9120496624778000E-003   4.0646934501907994        327.98326274398227        1384388.5511186109     
   29.749999999830166        3.8656985715608094       -1.0151587007312516E-003   3.8646834128600784        312.45754887638549        1306614.4399645505     
   29.999999999828283        3.9835379793353329       -5.0489934150708335E-003   3.9784889859202619        321.98229888797420        1332044.5007014975     
   30.249999999826397        3.3914138774721501       -4.8133575965073790E-003   3.3866005198756430        274.12195952786203        1134448.7633284775     
   30.499999999824510        3.4529606527577514        5.0715680024335580E-003   3.4580322207601850        279.09667604830196        1176602.5377708834     
   30.749999999822627        3.9237956792485318        2.6319923841725077E-002   3.9501156030902571        317.15343489255349        1382541.3443715244     
   30.999999999820741        3.5527888414624909        6.2874880129163615E-003   3.5590763294754075        287.16561121591337        1216749.4159167677     
   31.249999999818854        3.8797990364318742       -2.1243792914569870E-003   3.8776746571404175        313.59726440517579        1299089.9955705297     
   31.499999999816971        3.6275124725828714       -1.7402449040911597E-003   3.6257722276787803        293.20538958735284        1213866.5254529114     
   31.749999999815085        3.7842327399626434       -4.2727598129626513E-004   3.7838054639813472        305.87281041653659        1272363.9511748445     
   31.999999999813198        4.0363117398412793       -2.5650331223537473E-003   4.0337467067189259        326.24790820733193        1352367.3299635085     
   32.249999999811315        3.7569960218081362        2.8861410577810526E-003   3.7598821628659174        303.67131486884875        1279016.9632243146     
   32.499999999809425        3.7180387003962805       -3.1541331943509767E-003   3.7148845672019295        300.52246377924524        1243687.6279462317     
   32.749999999807542        4.1317771209263752       -3.6683061038897589E-003   4.1281088148224852        333.96420538472807        1382684.2726345684     
   32.999999999805659        3.9079604961777590       -3.7745349458153739E-003   3.9041859612319438        315.87350517307078        1307117.4355473451     
   33.249999999803769        3.8965784012668236       -1.0500440266994447E-003   3.8955283572401243        314.95351065950132        1315093.3457814255     
   33.499999999801886        3.8060993867456041        4.8286075436474608E-003   3.8109279942892513        307.64025263415130        1296115.7665646521     
   33.749999999800004        3.5514292818688773        4.1120274370077389E-003   3.5555413093058852        287.05572042895523        1209019.0218440818     
   33.999999999798113        3.9008849147810292        1.0540646903955583E-002   3.9114255616849847        315.30159849716955        1341370.0542770685     
   34.249999999796231        3.8289382087739234       -3.6919815073829638E-003   3.8252462272665406        309.48627404996785        1280103.8670573558     
   34.499999999794348        3.5472382109011695        9.1848940789533672E-003   3.5564231049801234        286.71696360725917        1223215.2869673390     
   34.749999999792458        3.5225177982246643       -4.2778095890287342E-003   3.5182399886356355        284.71885656163022        1179420.2080143597     
   34.999999999790575        3.6997742557892406        1.3264784143449577E-003   3.7011007342035858        299.04618116489752        1255057.9677808986     
   35.249999999788692        3.5465049001768527       -2.1530068125738110E-003   3.5443518933642792        286.65769140399675        1186209.1969492345     
   35.499999999786802        3.8426232851303195       -9.6048983417007267E-004   3.8416627952961493        310.59241446297455        1294306.2904092486     
   35.749999999784919        3.3197632556637564       -1.7971128696427235E-003   3.3179661427941136        268.33056704050614        1110418.2781665078     
   35.999999999783036        3.5457754409208833       -1.8814246917454481E-003   3.5438940162291375        286.59873050807943        1186262.7862681141     
   36.249999999781146        3.8454446398632207        5.1208709464334937E-003   3.8505655108096541        310.82045955444613        1309113.5190311850     
   36.499999999779263        3.7763421251095153       -2.4342204798795618E-003   3.7739079046296355        305.23502603410333        1263356.8200183143     
   36.749999999777380        3.9483285430814261       -3.8864771579608503E-003   3.9444420659234654        319.13638269829750        1320440.3761886947     
   36.999999999775490        3.6818432205821834        1.4183698727647154E-003   3.6832615904549479        297.59684744011327        1251895.8476999190     
   37.249999999773607        3.6265778862326350        4.5089287787172859E-004   3.6270287791105069        293.12984863277438        1227199.2767180246     
   37.499999999771717        3.6770721562520046       -1.2831088872086178E-003   3.6757890473647965        297.21121078517427        1241342.0785331151     
   37.749999999769834        3.7407093771458380       -3.1752430283946784E-003   3.7375341341174435        302.35489431085688        1259850.4127878100     
   37.999999999767951        3.8030323771981158       -4.8202152327078366E-003   3.7982121619654081        307.39235170037477        1279325.2165137948     
   38.249999999766061        3.9487562082022691       -2.4071205110958601E-003   3.9463490876911731        319.17095011035121        1334196.5317989716     
   38.499999999764178        3.7770324367474157       -3.7747618603228205E-003   3.7732576748870930        305.29082269759027        1262465.9527820444     
   38.749999999762295        3.4470301037210742       -1.7134556971171897E-003   3.4453166480239568        278.61732030413617        1156775.1532498687     
   38.999999999760405        3.2798510905017868       -2.1669666350317982E-003   3.2776841238667549        265.10453762667544        1101423.9168143370     
   39.249999999758522        3.7842791498198314       -6.1300409243307411E-003   3.7781491088955010        305.87656164285499        1265855.5286524773     
   39.499999999756639        3.7308569244523264       -4.1363277233809363E-003   3.7267205967289456        301.55853806060946        1247794.4449929672     
   39.749999999754749        3.5964373968719161       -1.5816371279194373E-003   3.5948557597439965        290.69364641647417        1212503.6581035315     
   39.999999999752866        3.9201188849435153        2.5444025651421568E-002   3.9455629105949370        316.85624613999016        1385257.0049103287     
   40.249999999750983        3.7936652148183785       -2.7459233622150908E-003   3.7909192914561634        306.63522060416568        1268813.8347957190     
   40.499999999749093        3.6663225142870290        1.2269202032153927E-003   3.6675494344902444        296.34233631979691        1238052.5924821266     
   40.749999999747210        3.5391246210332730       -3.0312576469557649E-003   3.5360933633863172        286.06115655045403        1185400.5117578416     
   40.999999999745327        3.5535525728769586       -9.1432856784361041E-004   3.5526382443091151        287.22734226952429        1196680.1128127244     
   41.249999999743437        3.6342723029231325       -3.7856386144110993E-003   3.6304866643087217        293.75177466623012        1218126.7045420161     
   41.499999999741554        3.7499787473488158       -3.9837360607594052E-003   3.7459950112880565        303.10412103912739        1255062.2036125860     
   41.749999999739671        3.9093814181836724       -4.9200475372376323E-003   3.9044613706464344        315.98835577481674        1308433.9865102819     
   41.999999999737781        3.9735950192541192       -4.8627173716114065E-003   3.9687323018825080        321.17862708634760        1330385.9076443713     
   42.249999999735898        3.9545122781595539        8.0701524307350420E-003   3.9625824305902895        319.63620302045797        1350330.0548090166     
   42.499999999734015        4.1540863413840867        9.4303338168790190E-004   4.1550293747657747        335.76742004632672        1400321.7474940550     
   42.749999999732125        3.4117326565079695       -2.8434125435467601E-003   3.4088892439644223        275.76429034496181        1140909.9621313605     
   42.999999999730242        3.4958948666776450       -9.2506330300915775E-004   3.4949698033746359        282.56697229515288        1170317.4526786096     
   43.249999999728360        4.0192172974141345       -1.2876643241988422E-003   4.0179296330899357        324.86619479090336        1345761.3458813867     
   43.499999999726469        3.9076840311245711       -2.0454259714754656E-003   3.9056386051530958        315.85115899390809        1308024.9611564996     
   43.749999999724587        3.5534659740732595       -2.1153082174440872E-003   3.5513506658558152        287.22034264204717        1189140.2887516930     
   43.999999999722696        3.5971041528529142       -2.1466460264674700E-003   3.5949575068264465        290.74753911805573        1203448.3460157362     
   44.249999999720814        3.5049807953097210       -2.7803942809268064E-003   3.5022004010287935        283.30137176709565        1172382.5522172302     
   44.499999999718931        3.6243430675561217       -1.9034195746483833E-003   3.6224396479814733        292.94921220887323        1213407.0316129220     
   44.749999999717041        4.2245182756383386       -1.3152840077054221E-003   4.2232029916306333        341.46030818344315        1418689.4721951364     
   44.999999999715158        3.8067348103258758       -1.9500393904773323E-003   3.8047847709353984        307.69161279343808        1273814.9132510077     
   45.249999999713275        3.6117702213731007       -2.0930359346915807E-003   3.6096771854384087        291.93297138511952        1212570.7095438060     
   45.499999999711385        4.0402094034611515       -1.4279371225871845E-003   4.0387814663385653        326.56294943428361        1357229.5939899723     
   45.749999999709502        4.1564424911738564       -2.6893046089525685E-003   4.1537531865649031        335.95786344859124        1391513.9943238355     
   45.999999999707619        4.1500002486709642       -3.7852911803082363E-003   4.1462149574906553        335.43714843047525        1389293.4251275829     
   46.249999999705729        4.0823274852276299       -3.0949335193205443E-003   4.0792325517083095        329.96727916887426        1366567.1594764772     
   46.499999999703846        4.0901593587189167       -3.1600548469536732E-003   4.0869993038719628        330.60031559137246        1368979.3421155771     
   46.749999999701963        3.9539105928857468       -2.1017100691015825E-004   3.9537004218788363        319.58756986855320        1332131.2009097834     
   46.999999999700073        3.8349704141054879       -2.5534902137782870E-003   3.8324169238917096        309.97384649187677        1283549.8729939482     
   47.249999999698190        3.6502430934334678       -2.8364810051427808E-003   3.6474066124283251        295.04266529417242        1223736.9987597568     
   47.499999999696307        3.3296284847595699        1.0265440189758645E-002   3.3398939249493282        269.12795598465692        1146708.9121744111     
   47.749999999694417        3.4893418695385852       -1.2030279317464017E-004   3.4892215667454103        282.03730517652963        1173766.2494246778     
   47.999999999692534        3.6971988023392606       -2.2100417671801782E-003   3.6949887605720804        298.83801183732857        1236918.4831363726     
   48.249999999690651        3.5186835027897381       -2.5482518549102325E-003   3.5161352509348283        284.40893727250642        1176732.5995184972     
   48.499999999688761        3.5595970749408861       -2.4661296468581019E-003   3.5571309452940283        287.71590863446733        1191509.8180522360     
   48.749999999686878        3.7940493125188119       -2.5159593853246892E-003   3.7915333531334876        306.66626653901670        1271132.0091621564     
   48.999999999684995        3.8189701204015010       -3.6443428415848800E-003   3.8153257775599161        308.68057117319836        1276863.6962218010     
   49.249999999683105        3.2618514401689653       -2.0767996459253794E-003   3.2597746405230401        263.64965786315719        1092957.2310291701     
   49.499999999681222        3.7618828537690971        1.9798511969931197E-003   3.7638627049660900        304.06630881574517        1274015.1541036621     
   49.749999999679339        4.1126702689820966       -2.2765250869101776E-003   4.1103937438951865        332.41983248168441        1376840.3346807428     
   49.999999999677449        4.0379222385963445       -2.1717165387577521E-003   4.0357505220575867        326.37808196096557        1357755.4040529304     
   50.249999999675566        3.8136787827997014       -2.8401705778084417E-003   3.8108386122218931        308.25288175387868        1282016.6667502783     
   50.499999999673676        3.6243690202339671       -4.1527321361595282E-003   3.6202162880978079        292.95130991772362        1216320.0166739284     
   50.749999999671793        3.9374470468518181       -3.8338630734739091E-003   3.9336131837783443        318.25685068692343        1319959.9069717408     
   50.999999999669910        4.3802459432333345       -3.0611389592568369E-003   4.3771848042740773        354.04749893518419        1465485.0164004108     
   51.249999999668020        3.9561731406864413       -8.3029309654676880E-004   3.9553428475898942        319.77044758830647        1329980.3011765550     
   51.499999999666137        3.5891611593488384        5.5910839836017592E-003   3.5947522433324397        290.10552106230688        1228340.5521198735     
   51.749999999664254        3.6630047200321147       -5.3930289229024014E-003   3.6576116911092122        296.07416490358941        1227763.8243217124     
   51.999999999662364        3.3791960550813784       -4.3773024239836802E-003   3.3748187526573949        273.13441464660497        1129433.9720166049     
   52.249999999660481        3.3176193264749685       -3.1102149715437162E-003   3.3145091115034249        268.15727705245035        1110807.0408702602     
   52.499999999658598        3.2832898191411655       -2.6113600869868128E-003   3.2806784590541787        265.38248395436273        1097531.9479916266     
   52.749999999656708        3.1692267993304339       -2.7374803108655517E-003   3.1664893190195684        256.16297267386739        1064412.2813760366     
   52.999999999654825        3.8313856936508075       -4.2839454925544061E-003   3.8271017481582534        309.68409990508479        1280706.8407257546     
   53.249999999652943        3.0275069838247051       -3.9085049096080201E-003   3.0235984789150971        244.70801172427255        1013178.6726217477     
   53.499999999651052        3.1216769510402993       -3.6533922772349569E-003   3.1180235587630647        252.31960289964809        1049215.5177201643     
   53.749999999649170        3.4131421283287948       -3.2148549745218539E-003   3.4099272733542727        275.87821544858616        1140837.3175237339     
   53.999999999647287        3.4822432055218964       -2.8559171609641126E-003   3.4793872883609325        281.46353277345889        1166572.9297549524     
   54.249999999645397        3.3867663551093008       -3.2047608025977973E-003   3.3835615943067032        273.74630855069398        1132901.5591926516     
   54.499999999643514        3.3003455197917959       -1.7044140578730668E-003   3.2986411057339224        266.76106594181283        1103959.1133151758     
   54.749999999641631        3.6443585770000229       -2.1164098042492545E-003   3.6422421671957736        294.56703028355781        1219151.3430561656     
   54.999999999639741        3.6356482490481099       -2.2738693283236846E-003   3.6333743797197862        293.86298994741094        1219890.4406303416     
   55.249999999637858        3.8227536788268712       -1.9626894770895784E-003   3.8207909893497813        308.98638947996420        1279577.4138525967     
   55.499999999635975        3.6737349384423745       -1.6680056367856381E-003   3.6720669328055888        296.94146939754131        1229549.4201254367     
   55.749999999634085        3.6922543055200618        2.8007948935998587E-003   3.6950551004136614        298.43835694237123        1249609.5637490591     
   55.999999999632202        4.0260068278930499       -1.5587240838440479E-003   4.0244481038092053        325.41498047923153        1348028.1760654328     
   56.249999999640032        3.4953990750162882        8.9870239166599895E-003   3.5043860989329483        282.52689833584299        1197591.6971326238     
   56.499999999653717        3.5951378127212932       -2.0795779864421792E-003   3.5930582347348512        290.58860333803824        1203755.9539571456     
   56.749999999667395        3.7309256321241056       -9.9232353213188698E-004   3.7299333085919737        301.56409157967352        1252566.8631219338     
   56.999999999681080        3.5051752411938089       -2.1379909657258736E-003   3.5030372502280831        283.31708848251111        1172728.8896446887     
   57.249999999694765        3.2405066743814963       -1.3729130981894597E-003   3.2391337612833069        261.92439835938779        1084176.6239954499     
   57.499999999708450        3.7710796406686842        3.6889036232786083E-004   3.7714485310310124        304.80966876453272        1268698.6505818875     
   57.749999999722135        3.6477475822588623        6.3770121102690999E-004   3.6483852834698891        294.84095755872011        1229074.1323991816     
   57.999999999735820        3.9180527460488701       -1.2481577358515576E-003   3.9168045883130187        316.68924380323051        1313889.3470593162     
   58.249999999749498        3.9840567319302749       -1.4975631495457275E-003   3.9825591687807291        322.02422873876014        1333747.3673399300     
   58.499999999763183        4.0537160669921644        4.9012022505420957E-002   4.1027280894975853        327.65466905553029        1478611.1538911352     
   58.749999999776868        3.9126007869251045        3.8620351796372038E-003   3.9164628221047417        316.24857163160323        1332579.5675679473     
   58.999999999790553        3.9688469857980371       -2.5585760481607197E-003   3.9662884097498763        320.79485197605197        1328410.8698551331     
   59.249999999804238        3.7465260927784025       -1.4781622027159188E-003   3.7450479305756872        302.82504910317130        1255166.2291934048     
   59.499999999817923        3.9889214235752690       -4.6482197261405161E-005   3.9888749413780080        322.41743312324496        1341759.8370169217     
   59.749999999831601        3.7909337617326666       -2.1039251734940902E-003   3.7888298365591724        306.41444210314359        1271761.1846170479     
   59.999999999845286        3.9932507617080697       -3.9597988376773871E-003   3.9892909628703923        322.76736583429067        1337042.2585529364     
   60.249999999858971        4.0494375683816379       -2.3237399922829867E-003   4.0471138283893549        327.30884561276343        1359882.4478050140     
   60.499999999872657        3.8583110533501621       -3.6907173007085961E-003   3.8546203360494538        311.86042890191044        1290176.6618194617     
   60.749999999886342        3.8320484042553611       -1.8558133637831583E-003   3.8301925908915782        309.73766562607415        1283100.8196236677     
   60.999999999900020        3.8735840323934227       -1.4660470503342802E-003   3.8721179853430887        313.09491666849561        1296969.5572434687     
   61.249999999913705        3.9534449422610787       -2.0928303252815464E-003   3.9513521119357966        319.54993215569914        1324597.8365433691     
   61.499999999927390        3.9546054180138275       -1.4060004265498169E-003   3.9531994175872778        319.64373134943406        1324916.0211663933     
   61.749999999941075        4.2943277207207249       -1.0267094762038478E-003   4.2933010112445213        347.10288162652876        1438462.1369329377     
   61.999999999954760        4.1270780519345553       -1.2576942757106114E-003   4.1258203576588448        333.58438798510286        1383244.9524188507     
   62.249999999968445        4.1041481388171608       -1.4969278914963883E-003   4.1026512109256643        331.73100383836208        1374184.8815363690     
   62.499999999982123        4.0895671083330178        3.2125686790445730E-003   4.0927796770120626        330.55244504469812        1384227.8590708296     
   62.749999999995808        3.9879110745053099       -3.2808055535908033E-003   3.9846302689517188        322.33576840260906        1334636.7142988534     
   63.000000000009493        4.0236176788614628       -3.3763157039786570E-003   4.0202413631574849        325.22186980686780        1345852.8439020270     
   63.250000000023178        4.0610728549001625       -2.5928886188899916E-003   4.0584799662812721        328.24930515422858        1359232.7888369472     
   63.500000000036863        4.1026871282248045       -2.3604126029013895E-003   4.1003267156219039        331.61291294738351        1373044.8919414126     
   63.750000000050541        4.0240509654561096       -2.7857889559461872E-003   4.0212651765001635        325.25689159266358        1346252.3961348855     
   64.000000000064233        3.5319462751364958       -2.5156758362687142E-003   3.5294305993002273        285.48094360255510        1181086.5208647966     
   64.250000000077918        3.8820668049304756        5.7682434133532606E-003   3.8878350483438289        313.78056410466735        1330146.7566837918     
   64.500000000091589        4.2400979860897801       -2.9831584866519814E-003   4.2371148276031274        342.71958850490267        1419515.8716538385     
   64.750000000105274        4.1035928033412388       -1.4572255662465867E-003   4.1021355777749928        331.68611705828886        1373882.4218086626     
   65.000000000118959        4.2030365868023143        4.5968071986189222E-003   4.2076333940009336        339.72398143287620        1425281.3767600541     
   65.250000000132644        4.2473120309863388        1.1452823275023996E-002   4.2587648542613623        343.30268693954167        1455657.0629345500     
   65.500000000146329        4.0534225643231805       -2.3909641514035826E-003   4.0510316001717772        327.63094575614679        1356356.3899508303     
   65.750000000160014        3.6606071583749307       -3.0492584553577225E-003   3.6575578999195733        295.88037425364200        1224143.5682405611     
   66.000000000173699        3.7930836763214701       -3.2429829653083234E-003   3.7898406933561612        306.58821588045078        1268537.3134593456     
   66.250000000187384        3.6465680785273897       -2.2987213152356632E-003   3.6442693572121541        294.74562036726451        1219986.4285765465     
   66.500000000201069        3.8018653533193962       -2.9121449715463618E-003   3.7989532083478501        307.29802323324918        1271713.7316041905     
   66.750000000214754        3.6624406270552616       -3.5646545848935971E-003   3.6588759724703679        296.02857027027204        1224586.6072799778     
   67.000000000228439        3.7255191207912661       -3.0368751171234790E-003   3.7224822456741431        301.12709287225766        1246239.3702013963     
   67.250000000242125        4.0368302261149269        1.1938468739005840E-002   4.0487686948539325        326.28981653184059        1392163.1886293965     
   67.500000000255795        3.8627875225180790       -1.7746139153311646E-003   3.8610129086027478        312.22225395317491        1294444.8499174137     
   67.750000000269480        3.8167165216172041       -2.7530305986159360E-003   3.8139634910185878        308.49841678654428        1277717.1724194016     
   68.000000000283165        3.8309277218535787       -2.0272653413106524E-003   3.8289004565122684        309.64708285821274        1282759.0611340019     
   68.250000000296851        3.8781678734974023       -2.6248949384669986E-003   3.8755429785589355        313.46542040262665        1298672.3851916548     
   68.500000000310536        3.7871738749080972       -2.8767727970363164E-003   3.7842971021110614        306.11053712982249        1267127.2813760464     
   68.750000000324221        4.3219972382506766       -2.8408198104777941E-004   4.3217131562696292        349.33935957894971        1452475.8120918863     
   69.000000000337906        3.6912127019750613       -2.0476373691497452E-003   3.6891650646059118        298.35416597803527        1236675.6180638885     
   69.250000000351591        3.5436454303433322       -1.6274695352235153E-003   3.5420179608081086        286.42656553664619        1185832.6501712222     
   69.500000000365276        3.8443381825869984       -9.6260057003854239E-004   3.8433755820169599        310.73102657821562        1293958.2802322798     
   69.750000000378961        3.4511677665126337       -1.2162165995726498E-003   3.4499515499130613        278.95176023782341        1155079.1698835646     
   70.000000000392646        3.4892120277859613       -1.6778774613826230E-003   3.4875341503245787        282.02681029830370        1167447.7508934571     
   70.250000000406317        3.6112771314417689       -2.2876709621880167E-003   3.6089894604795814        291.89311580184847        1209015.6869086316     
   70.500000000420002        3.9218354377724935       -1.2934629698254268E-003   3.9205419748026684        316.99499205603365        1317189.2846119290     
   70.750000000433687        3.6302693506181689       -1.1467374934301603E-003   3.6291226131247387        293.42822314188737        1215246.2191337235     
   71.000000000447372        3.7056673873310353        7.3330581883747879E-003   3.7130004455194099        299.52251251941686        1270754.3114723649     
   71.250000000461057        3.2634790308719523       -2.8472598609563292E-003   3.2606317710109955        263.78121312858076        1092969.4034894535     
   71.500000000474742        3.4259256633509323       -2.1599185219783228E-003   3.4237657448289540        276.91148587695784        1147170.9788242723     
   71.750000000488427        3.4242691803710712       -2.2081701820245879E-003   3.4220610101890467        276.77759530011605        1145192.0231230084     
   72.000000000502112        3.4058232035751517        1.7776712309853495E-003   3.4076008748061373        275.28663976139785        1153131.1153895189     
   72.250000000515797        2.9660265695363819       -1.6191579969759848E-003   2.9644074115394057        239.73865904536515        991821.25872807426     
   72.500000000529482        3.4758646624113463       -1.9861804385371815E-003   3.4738784819728092        280.94796646407639        1162837.6228573087     
   72.750000000543167        3.1997219100656880       -1.7784502215678376E-003   3.1979434598441201        258.62783830595521        1071537.3959923063     
   73.000000000556838        3.4715506099927866       -1.3581378666991765E-003   3.4701924721260875        280.59926927016068        1165215.1881942058     
   73.250000000570523        3.5034273536197915       -1.6249362780945112E-003   3.5018024173416968        283.17580983468616        1176730.4136713166     
   73.500000000584208        3.7322531306781044       -2.1987258558506710E-003   3.7300544048222535        301.67139092974986        1249331.3600040029     
   73.750000000597893        3.9972585807034986       -1.9920075981360152E-003   3.9952665731053623        323.09131072457899        1337880.6909278738     
   74.000000000611578        4.0146903218682271       -1.6860540167838083E-003   4.0130042678514437        324.50028739882072        1343871.2712202121     
   74.250000000625263        4.1824694341079569       -2.3970242721534679E-003   4.1800724098358035        338.06157501414435        1400203.4793255825     
   74.500000000638948        3.8650953217842763       -1.9877517838289365E-003   3.8631075700004476        312.40878926850439        1294536.3589829407     
   74.750000000652634        3.7918586132709913       -1.5669109815488655E-003   3.7902917022894425        306.48919621016722        1269127.1190322526     
   75.000000000666319        3.8803587808785007       -3.1415996055025285E-003   3.8772171812729983        313.64250755451928        1299915.5429691807     
   75.250000000680004        3.5579533254582016       -3.0107369424159907E-003   3.5549425885157855        287.58304728358371        1189844.3043855901     
   75.500000000693689        3.8180920536253207       -2.3690049979552042E-003   3.8157230486273654        308.60959859539486        1277717.9524763445     
   75.750000000707360        4.4524616448641092        5.4623783828649955E-004   4.4530078827023960        359.88456582082853        1504205.1271605054     
   76.000000000721045        4.0365688191994407       -2.5705695735649924E-003   4.0339982496258759        326.26868747520058        1355782.5161913731     
   76.250000000734730        3.7683330788032072        4.4522127467895769E-003   3.7727852915499969        304.58766904768004        1279418.4383460397     
   76.500000000748415        3.5633093728920566       -2.4944776539061243E-003   3.5608148952381504        288.01596708368396        1191926.3968800034     
   76.750000000762100        3.7074911611149144       -3.3508152105627123E-003   3.7041403459043520        299.66992491478788        1240895.4385732329     
   77.000000000775785        3.6153403921911051        8.1393950858629615E-003   3.6234797872769682        292.22154195062365        1240181.6409854626     
   77.250000000789470        3.4277906792511357       -1.8277926950967447E-003   3.4259628865560390        277.06223179933266        1147819.8141137711     
   77.500000000803155        3.7502110372359709       -2.2440616731930008E-003   3.7479669755627780        303.12289661808825        1254657.8561164339     
   77.750000000816840        3.6007099995957677       -2.1546086515354486E-003   3.5985553909442323        291.03899330519403        1204659.3285453727     
   78.000000000830525        4.0378215950008638        1.9032143197054519E-003   4.0397248093205693        326.36994711791664        1362021.3021018940     
   78.250000000844210        4.0131759377349505       -1.6229639362414952E-003   4.0115529737987083        324.37788241933725        1343609.6532419475     
   78.500000000857895        4.2264641806083167       -1.2430814438097553E-003   4.2252210991645072        341.61759222564410        1415441.2305678383     
   78.750000000871566        4.4036458353530099       -1.6156845258153258E-003   4.4020301508271951        355.93887064985302        1474619.1559172338     
   79.000000000885251        4.0010045407499888       -2.7118101941706551E-003   3.9982927305558182        323.39409002116616        1340044.3612081839     
   79.250000000898936        4.0138178672480374       -6.7393682693484057E-005   4.0137504735653442        324.42976844161700        1354499.7059044694     
   79.500000000912621        3.6182039616915240       -3.1113665596914767E-003   3.6150925951318325        292.45299918676727        1214941.4608778479     
   79.750000000926306        3.8843295229199790       -3.6527354222178456E-003   3.8806767874977610        313.96345558047977        1299124.9131041402     
   80.000000000939991        3.9070407372684346       -4.3206738092872151E-003   3.9027200634591477        315.79916269420323        1307090.4357476670     
   80.250000000953676        3.8236886189355808       -2.5985180046986128E-003   3.8210901009308822        309.06195902821162        1280779.6955875126     
   80.500000000967361        4.2660610642904748       -2.7051886544054273E-003   4.2633558756360692        344.81813799749796        1429001.4373229770     
   80.750000000981046        3.4092065346456994        1.2611966185151020E-003   3.4104677312642151        275.56010840199951        1153662.2959305574     
   81.000000000994731        3.2567408972005789       -1.6197393465463795E-003   3.2551211578540324        263.23658175290973        1089385.7782970103     
   81.250000001008416        3.6864452251264677       -2.3844124942005817E-003   3.6840608126322669        297.96881929286030        1235436.7781046443     
   81.500000001022087        4.1898769083455818        3.5466878530872811E-003   4.1934235961986692        338.66030799883197        1419055.5984925234     
   81.750000001035772        4.0292490756294823        8.9640530209920369E-004   4.0301454809315818        325.67704560454393        1359928.8738483007     
   82.000000001049457        3.9499022364352840       -3.7448295202295949E-003   3.9461574069150545        319.26358153672919        1322627.2470797086     
   82.250000001063142        3.4257034743675661        1.5024680706613779E-003   3.4272059424382277        276.89352673610796        1160298.5397176868     
   82.500000001076828        3.6610996745902744       -2.1762307371359538E-003   3.6589234438531384        295.92018346446878        1224808.9969969210     
   82.750000001090513        3.3786633028163848        1.1344854629183798E-003   3.3797977882793035        273.09135322735648        1140906.5612119338     
   83.000000001104198        3.6192549500494526       -2.6460941504689375E-003   3.6166088558989840        292.53794870886190        1210645.6870736417     
   83.250000001117883        3.8996343792710437       -2.5696134436877451E-003   3.8970647658273561        315.20051993323091        1305599.5070755335     
   83.500000001131568        4.0901970219490078       -1.1940733924741089E-003   4.0890029485565336        330.60335984335939        1374764.5764957969     
   83.750000001145253        4.5093482044410731       -2.8278267632437289E-003   4.5065203776778295        364.48260538350769        1514587.4541678578     
   84.000000001158938        4.0746691261868833       -1.8336155866324013E-003   4.0728355106002505        329.34826761119842        1363913.2860430374     
   84.250000001172609        3.7613897423521419       -2.3669005005921891E-003   3.7590228418515497        304.02645149582935        1260067.9470225407     
   84.500000001186294        4.0207715376806910       -1.5600014393502848E-003   4.0192115362413414        324.99182127084310        1351437.2130069945     
   84.750000001199979        3.8160487324521295       -2.7119494673126677E-003   3.8133367829848170        308.44444057452910        1276270.2357556026     
   85.000000001213664        3.3804555745123173       -3.0227455356236438E-003   3.3774328289766933        273.23621936491605        1132190.6371447037     
   85.250000001227349        3.5270866523627715       -3.3030491065738116E-003   3.5237836032561978        285.08814892593114        1178905.8637971627     
   85.500000001241034        3.5243604290389992       -5.5217064814704212E-003   3.5188387225575291        284.86779313727703        1180552.0878114123     
   85.750000001254719        3.5701005455813104       -2.9210000801452845E-003   3.5671795455011650        288.56488550895676        1193851.0837468470     
   86.000000001268404        3.8246948300824717       -2.2539062695927049E-003   3.8224409238128785        309.14328928787609        1281344.0142282927     
   86.250000001282089        3.5487495391152457       -2.0733708063532742E-003   3.5466761683088923        286.83912158222182        1187663.4630212702     
   86.500000001295774        3.5306580689390916       -2.9488545995680310E-003   3.5277092143395237        285.37682018386710        1180786.1908945476     
   86.750000001309459        3.7389312504619356       -3.0481836484203165E-003   3.7358830668135150        302.21117148949389        1251931.6927635628     
   87.000000001323130        3.5084696025046691       -1.9875316391645861E-003   3.5064820708655051        283.58336585547482        1173791.1196405089     
   87.250000001336815        3.5506248389929440       -1.4078578869132509E-003   3.5492169811060306        286.99069874023007        1192405.6654320506     
   87.500000001350500        4.3414085400903994       -3.4102227816195448E-003   4.3379983173087799        350.90834062624600        1454844.8409100478     
   87.750000001364185        3.7712773202899990        1.5264525476556363E-003   3.7728037728376544        304.82564685718410        1274772.9868370027     
   88.000000001377870        3.7561263642434932       -2.8800929398487625E-003   3.7532462713036447        303.60102199267646        1256688.5310383826     
   88.250000001391555        3.9848690315075923       -2.3748125969803280E-003   3.9824942189106123        322.08988547070226        1333498.4046667025     
   88.500000001405240        3.5759620772976382       -2.2007017028934949E-003   3.5737613755947444        289.03866270571461        1196192.6662700074     
   88.750000001418925        3.9564193665359468       -1.7470623315031075E-003   3.9546723042044434        319.79034958634963        1324303.2459509305     
   89.000000001432610        4.1595257273781767       -1.4821840103441490E-003   4.1580435433678318        336.20707595421601        1395873.7470259103     
   89.250000001446296        4.2989987863684860        3.8496297209944757E-003   4.3028484160894811        347.48043556559622        1461836.2971023300     
   89.500000001459981        3.9470420729891162       -5.1110146689648779E-003   3.9419310583201512        319.03239960590042        1320042.8275318393     
   89.750000001473666        3.8369965432348772       -3.3476731521952232E-003   3.8336488700826816        310.13761491038036        1283343.9012204302     
   90.000000001487336        3.6519727789128185       -3.0169983649082129E-003   3.6489557805479107        295.18247269901792        1222679.7895785887     
   90.250000001501022        3.9623706577395525       -3.5878579287859191E-003   3.9587827998107663        320.27138188302388        1328582.5609950023     
   90.500000001514707        3.8638193518451298       -2.9908007856178356E-003   3.8608285510595119        312.30565488483597        1295862.4163864029     
   90.750000001528392        3.7297288499004058       -2.8568075648406016E-003   3.7268720423355650        301.46735779838309        1247271.4131874256     
   91.000000001542077        3.6998094487689399       -2.6337614972055472E-003   3.6971756872717343        299.04902575093308        1237809.9876471285     
   91.250000001555762        4.0284557233686211       -2.4590964828992059E-003   4.0259966268857221        325.61292035053475        1348522.0611284261     
   91.500000001569447        3.6725986764833634        4.1490624973169278E-004   3.6730135827330956        296.84962736174316        1237975.3502074857     
   91.750000001583132        3.9678852573644323       -2.8905760357676997E-003   3.9649946813286649        320.71711717508748        1328382.5727599331     
   92.000000001596817        4.2332749070550229       -2.0122393322651584E-003   4.2312626677227581        342.16809114639835        1418914.8883191429     
   92.250000001610502        4.1398832095953111       -1.3181402031246178E-003   4.1385650693921869        334.61940613294564        1386202.0706190153     
   92.500000001624187        3.8077666322578421        1.9586694240480229E-003   3.8097253016818904        307.77501312736763        1289844.8681345121     
   92.750000001637858        3.4276550506880077       -3.3819720778814986E-003   3.4242730786101263        277.05126918349282        1146098.4861939216     
   93.000000001651543        3.3398316213307573       -2.6327216265739049E-003   3.3371988997041839        269.95265738981510        1116712.8950285963     
   93.250000001665228        3.6367031278265212       -1.8882060850087213E-003   3.6348149217415124        293.94825392528259        1224498.0843026976     
   93.500000001678913        3.6732003705833800        9.7612669914098876E-003   3.6829616375747900        296.89826122705477        1263045.5528616302     
   93.750000001692598        3.9292505820507633       -2.1957034174709964E-003   3.9270548786332924        317.59434499648228        1315279.5484336566     
   94.000000001706283        3.8262709374479775       -2.4116987565571076E-003   3.8238592386914205        309.27068324658126        1280145.4317218314     
   94.250000001719968        3.6758680414093230       -2.0833371172069375E-003   3.6737847042921161        297.11388432131656        1230134.0956424065     
   94.500000001733653        4.1731643851669347       -3.1915666076868941E-003   4.1699728185592484        337.30946443685406        1395956.5357998174     
   94.750000001747338        3.9109264379285475       -3.9566730488913545E-003   3.9069697648796566        316.11323697636743        1310135.6433918148     
   95.000000001761023        3.9254156639874456       -2.3785064220321925E-003   3.9230371575654135        317.28437538141162        1316356.1054557995     
   95.250000001774708        4.2349258095573941        2.1364117846008912E-003   4.2370622213419953        342.30153066315734        1432106.6305699740     
   95.500000001788379        4.2900196291515096       -1.8997914149574907E-003   4.2881198377365521        346.75466623747718        1436119.4217642981     
   95.750000001802064        4.1039778241841187       -2.1869071728940529E-003   4.1017909170112246        331.71723760910413        1373658.2004594728     
   96.000000001815749        3.9376211429862296       -2.9198533313121167E-003   3.9347012896549174        318.27092256821987        1317176.6503733173     
   96.250000001829434        4.0902336222839173       -2.3153248325326085E-003   4.0879182974513846        330.60631818341665        1368749.9781521065     
   96.500000001843119        3.9845134775809892       -1.6370909899129002E-003   3.9828763865910761        322.06114667838739        1334046.0965811238     
   96.750000001856804        4.0013996556048816       -2.3693713236776458E-003   3.9990302842812042        323.42602645304231        1340163.6055761382     
   97.000000001870490        3.7891823234261977       -2.9327418373658112E-003   3.7862495815888320        306.27287645592173        1270881.5010809964     
   97.250000001884175        3.7520191115809780       -3.7832919346323184E-003   3.7482358196463457        303.26904005570219        1254729.3741373306     
   97.500000001897860        3.8345974590152223       -2.8929995147044412E-003   3.8317044595005179        309.94370119441294        1282533.7760168226     
   97.750000001911545        4.1446535280357795       -3.4506141576974726E-003   4.1412029138780824        335.00498249894434        1389078.6298189126     
   98.000000001925230        4.2288748344099849       -2.8596475262180452E-003   4.2260151868837674        341.81244109037465        1415034.7176673822     
   98.250000001938901        3.9848424354341563       -2.1318626574317622E-003   3.9827105727767242        322.08773575732914        1339863.1487683083     
   98.500000001952586        3.6504113948201025       -4.2273472316311199E-003   3.6461840475884713        295.05626879629932        1221772.2857229877     
   98.750000001966271        3.4307886793435016        1.9955300440935544E-002   3.4507439797844368        277.30455482143361        1203130.0363819124     
   99.000000001979956        3.5484019756962724        6.2439297163716535E-004   3.5490263686679095        286.81102864844513        1200499.9319681209     
   99.250000001993641        3.6195867688316836       -2.6249438481256845E-003   3.6169618249835578        292.56476903161797        1215463.8881550913     
   99.500000002007326        3.9341820283443147       -2.7547222583464569E-003   3.9314273060859684        317.99294504063329        1316047.4039511632     
   99.750000002021011        3.8023615792468353       -2.1789449666116986E-003   3.8001826342802238        307.33813229351506        1276287.0813298174     
   100.00000000203470        3.9883466317367149       -2.4144567957750974E-003   3.9859321749409395        322.37097371994065        1334607.3066908352     
