 # maximum at r(A) =    47.243878222729407     
 # r, g(r)
  0.20812281155387402        0.0000000000000000     
  0.62436843466162206        0.0000000000000000     
   1.0406140577693701        0.0000000000000000     
   1.4568596808771181        0.0000000000000000     
   1.8731053039848662        0.0000000000000000     
   2.2893509270926140       0.67253175025724699     
   2.7055965502003625       0.97856643103855556     
   3.1218421733081101       0.95668244101109745     
   3.5380877964158586       0.93556905943253332     
   3.9543334195236062       0.95257803353834514     
   4.3705790426313538       0.87501442775405269     
   4.7868246657391023       0.79396394200745779     
   5.2030702888468507       0.83161371213745117     
   5.6193159119545983       0.92542678161642589     
   6.0355615350623459       0.97073538774617252     
   6.4518071581700944       0.87956705224808995     
   6.8680527812778429       0.89188798421211923     
   7.2842984043855905       0.85287120550068429     
   7.7005440274933381       0.89163267108612343     
   8.1167896506010866       0.87501442775405236     
   8.5330352737088351       0.87917868440011560     
   8.9492808968165818       0.90861422460128771     
   9.3655265199243303       0.90094078116898735     
   9.7817721430320788       0.96612050216936796     
   10.198017766139827       0.96211498928392247     
   10.614263389247576       0.89822703656413661     
   11.030509012355322       0.94946385752735907     
   11.446754635463071        1.0170415629696687     
   11.863000258570819       0.88067010734249007     
   12.279245881678566       0.93735386414675714     
   12.695491504786315       0.93333304588977006     
   13.111737127894063       0.92594119339053138     
   13.527982751001812       0.90463030069342032     
   13.944228374109560       0.90756675776851559     
   14.360473997217307       0.95882173274372851     
   14.776719620325055       0.96232493304274258     
   15.192965243432804       0.92903577260882497     
   15.609210866540550       0.95294904611934661     
   16.025456489648299       0.92401169373724423     
   16.441702112756047       0.95521123157961185     
   16.857947735863796       0.92022550701157757     
   17.274193358971544       0.97777051311521168     
   17.690438982079293       0.96935854390912579     
   18.106684605187038       0.96726723702182016     
   18.522930228294786        1.0087907782161354     
   18.939175851402535       0.95764469976270705     
   19.355421474510283        1.0052194882835315     
   19.771667097618032       0.99213547248833445     
   20.187912720725780       0.98010171687745318     
   20.604158343833529        1.0091993767301097     
   21.020403966941277       0.98506672760783609     
   21.436649590049026       0.99493816966699344     
   21.852895213156771        1.0016831830098771     
   22.269140836264519        1.0219074079395085     
   22.685386459372268       0.97149358778753503     
   23.101632082480016       0.99560321911241445     
   23.517877705587765       0.98143602743312230     
   23.934123328695513       0.98590472498776038     
   24.350368951803262       0.98240169041946313     
   24.766614574911006       0.97357018033280496     
   25.182860198018755       0.98557905389605083     
   25.599105821126503       0.96766913812896105     
   26.015351444234252       0.99491240470262365     
   26.431597067342000       0.99735043957036995     
   26.847842690449749       0.97707578249659277     
   27.264088313557497       0.99198215092098863     
   27.680333936665246       0.98849077448183753     
   28.096579559772994        1.0227946422191809     
   28.512825182880739       0.98615697108431288     
   28.929070805988488        1.0022744319975638     
   29.345316429096236       0.98764266177762361     
   29.761562052203985       0.99345738027120312     
   30.177807675311733       0.99820314148304135     
   30.594053298419482       0.99260625977764272     
   31.010298921527230        1.0198188513191344     
   31.426544544634975        1.0056468172139357     
   31.842790167742724        1.0386240714927637     
   32.259035790850476        1.0219367254256377     
   32.675281413958224       0.99020862703442458     
   33.091527037065973        1.0087534313077746     
   33.507772660173721        1.0023794767844150     
   33.924018283281470        1.0148836842059870     
   34.340263906389218        1.0065317478043581     
   34.756509529496967        1.0104284716490102     
   35.172755152604715        1.0122055137623376     
   35.589000775712464       0.99432233526253000     
   36.005246398820212       0.99944429191661133     
   36.421492021927953       0.98778771579797875     
   36.837737645035702        1.0099994170398683     
   37.253983268143450        1.0070544626528022     
   37.670228891251199       0.98692525014315780     
   38.086474514358947        1.0064664742777059     
   38.502720137466696       0.99839849286262961     
   38.918965760574444       0.99412188510511434     
   39.335211383682193        1.0162572034442587     
   39.751457006789941       0.99688467000120373     
   40.167702629897690        1.0037448383447314     
   40.583948253005438        1.0099772053681879     
   41.000193876113187        1.0107454915557317     
   41.416439499220935       0.99377916978526415     
   41.832685122328684       0.98261254852042257     
   42.248930745436432       0.98697907328165801     
   42.665176368544181       0.99548637252466343     
   43.081421991651929        1.0071579634724230     
   43.497667614759671       0.98569080222673244     
   43.913913237867419       0.99162143567985772     
   44.330158860975168        1.0003967106967904     
   44.746404484082916        1.0011792987325439     
   45.162650107190665        1.0007597744934535     
   45.578895730298413        1.0052786635740714     
   45.995141353406161       0.99705530082914517     
   46.411386976513910        1.0008937580472914     
   46.827632599621658       0.99391268451494352     
   47.243878222729407        1.0399000279693067     
   47.660123845837155        1.0000903826451559     
   48.076369468944904       0.99524466677304935     
   48.492615092052652        1.0035692929342237     
   48.908860715160401       0.99882362175079564     
   49.325106338268149       0.99507595982157115     
   49.741351961375891       0.97954863505073220     
   50.157597584483639       0.99472422343480327     
   50.573843207591388       0.98882009432166762     
   50.990088830699136       0.98734864150286916     
   51.406334453806885       0.98476234037635391     
   51.822580076914633       0.98712737132073991     
   52.238825700022382       0.97987560344242375     
   52.655071323130130       0.98650840005110485     
   53.071316946237879       0.98041985662906161     
   53.487562569345627       0.99463024734543648     
   53.903808192453376       0.97748924691947647     
   54.320053815561124       0.98453092062748393     
   54.736299438668873       0.97932949622778898     
   55.152545061776621       0.98826478209875235     
   55.568790684884370       0.97524542856819718     
   55.985036307992118       0.98347070119590718     
   56.401281931099867       0.98502121158669553     
   56.817527554207608       0.99244380834947188     
   57.233773177315356       0.98465590500889388     
   57.650018800423105       0.99973953555352912     
   58.066264423530853       0.98174817978093698     
   58.482510046638602       0.99335486257612293     
   58.898755669746350       0.99158978696862288     
   59.315001292854099       0.98783715600112143     
   59.731246915961847       0.98020440048190649     
   60.147492539069596       0.99079111195455316     
   60.563738162177344       0.99352437062094345     
   60.979983785285093       0.99547937809272991     
   61.396229408392841       0.98658190940138302     
   61.812475031500590        1.0011345904864832     
   62.228720654608338       0.98813862945181086     
   62.644966277716087       0.99394167649703935     
   63.061211900823828       0.99307261068371544     
   63.477457523931577       0.98833126528324400     
   63.893703147039325       0.99293141623036740     
   64.309948770147074       0.99485569116499017     
   64.726194393254815       0.99225175955650236     
   65.142440016362571        1.0008598817961940     
   65.558685639470312       0.98977822480914168     
   65.974931262578068       0.99676359163126393     
   66.391176885685809       0.99880161245101240     
   66.807422508793550        1.0029025235797535     
   67.223668131901306       0.99379208617934989     
   67.639913755009047       0.99931825249677020     
   68.056159378116803        1.0014929601948928     
   68.472405001224544        1.0032258155292879     
   68.888650624332300        1.0033582896575364     
   69.304896247440041       0.99437223812485387     
   69.721141870547797        1.0079137008310657     
   70.137387493655538        1.0114953827086202     
   70.553633116763294        1.0095547201150143     
   70.969878739871035       0.99986921387814165     
   71.386124362978791        1.0060036762950886     
   71.802369986086532        1.0017398947200207     
   72.218615609194288        1.0087130336873220     
   72.634861232302029        1.0088661105638284     
   73.051106855409770        1.0036873799835004     
   73.467352478517526        1.0097470861119320     
   73.883598101625267        1.0150236793760359     
   74.299843724733023        1.0340012311303095     
   74.716089347840764        1.0078067492943998     
   75.132334970948520        1.0218091917137124     
   75.548580594056261        1.0071142540509159     
   75.964826217164017        1.0072796973814580     
   76.381071840271758        1.0062513250141079     
   76.797317463379514        1.0060535593433684     
   77.213563086487255        1.0076515127843888     
   77.629808709595011        1.0104593078014277     
   78.046054332702752        1.0080166207726684     
   78.462299955810508        1.0064183491633529     
   78.878545578918249        1.0097866668754081     
   79.294791202026005        1.0068805324347010     
   79.711036825133746        1.0061452021496602     
   80.127282448241488        1.0074074017546606     
   80.543528071349243        1.0089403785676796     
   80.959773694456985        1.0067803674797453     
   81.376019317564740        1.0132140625847335     
   81.792264940672482        1.0064628978169827     
   82.208510563780237        1.0083093671474721     
   82.624756186887979        1.0017066169142366     
   83.041001809995734        1.0000000000000000     
