   9.9999999999999992E-002   8793.5317876381978     
  0.19999999999999998        9178.1907609200298     
  0.29999999999999999        9621.1935813621003     
  0.39999999999999997        9683.6687457516600     
  0.50000000000000289        10108.662529685587     
  0.60000000000000775        10533.874708206518     
  0.70000000000001261        10791.901873252185     
  0.80000000000001736        10911.427895228597     
  0.90000000000002212        11763.747074908642     
   1.0000000000000271        12074.181034805944     
   1.1000000000000318        12074.875569504205     
   1.2000000000000366        12627.588308939081     
   1.3000000000000416        12861.794983562533     
   1.4000000000000463        13318.578470426804     
   1.5000000000000513        13727.815897584320     
   1.6000000000000560        13796.664433775459     
   1.7000000000000608        14274.090490802531     
   1.8000000000000564        14547.805641301542     
   1.9000000000000417        14743.745853896600     
   2.0000000000000271        15162.784847016761     
   2.1000000000000125        15586.870814194855     
   2.1999999999999980        15770.977239039319     
   2.2999999999999834        15883.399047234321     
   2.3999999999999688        15884.007612271627     
   2.4999999999999538        16376.254103536508     
   2.5999999999999392        17085.584130175022     
   2.6999999999999247        17123.466393066061     
   2.7999999999999101        17337.786303968649     
   2.8999999999998956        17397.693400028522     
   2.9999999999998810        17611.443497534641     
   3.0999999999998664        17879.028652450332     
   3.1999999999998519        18011.654154860254     
   3.2999999999998368        18012.262150626964     
   3.3999999999998223        18211.675292483236     
   3.4999999999998077        18762.875650094702     
   3.5999999999998300        19066.744401481814     
   3.6999999999998545        19162.322702993035     
   3.7999999999998786        19674.791543365587     
   3.8999999999999031        19935.190061872214     
   3.9999999999999272        19935.814844585719     
   4.0999999999999517        20086.245224566526     
   4.1999999999999762        20254.180074156029     
   4.2999999999999998        20557.709086864292     
   4.4000000000000243        20558.286611745138     
   4.5000000000000488        20802.798902734601     
   4.6000000000000734        20803.411839036780     
   4.7000000000000979        20814.717806742301     
   4.8000000000001215        20899.195624894579     
   4.9000000000001460        21190.601996256824     
   5.0000000000001705        21332.177595165871     
   5.1000000000001950        21505.782600129111     
   5.2000000000002187        21654.297446715063     
   5.3000000000002432        21760.497884464396     
   5.4000000000002677        21895.758720009206     
   5.5000000000002922        22197.659112972044     
   5.6000000000003158        22321.962069839145     
   5.7000000000003403        22635.777935910071     
   5.8000000000003649        22996.663771020849     
   5.9000000000003894        23091.711043221872     
   6.0000000000004130        23258.060579906080     
   6.1000000000004375        23580.200964983454     
   6.2000000000004620        23664.162927587764     
   6.3000000000004865        23664.722622144032     
   6.4000000000005102        23744.491919356216     
   6.5000000000005347        23745.102638986442     
   6.6000000000005592        24233.619237286726     
   6.7000000000005837        24331.100215858303     
   6.8000000000006073        24428.441463706047     
   6.9000000000006319        24942.151729060221     
   7.0000000000006564        25312.959571671356     
   7.1000000000006809        25516.296972435477     
   7.2000000000007054        25516.924515893032     
   7.3000000000007290        25842.496713691777     
   7.4000000000007535        25992.515657519965     
   7.5000000000007780        25993.145467121583     
   7.6000000000008026        26035.575666071829     
   7.7000000000008262        26281.700614979844     
   7.8000000000008507        26526.636553262011     
   7.9000000000008752        26696.670083308625     
   8.0000000000008988        27022.398955071563     
   8.1000000000009234        27153.257960448111     
   8.2000000000009479        27336.998826453266     
   8.3000000000009724        27594.606997373769     
   8.4000000000009969        27813.734663586751     
   8.5000000000010214        27987.553033605422     
   8.6000000000010459        28106.737219979339     
   8.7000000000010687        28107.335270978609     
   8.8000000000010932        28212.862032590081     
   8.9000000000011177        28482.678040479539     
   9.0000000000011422        28703.911080200422     
   9.1000000000011667        28996.356707242994     
   9.2000000000011912        28996.971283896222     
   9.3000000000012157        28999.810215420352     
   9.4000000000012403        29146.225047705942     
   9.5000000000012648        29568.454979500264     
   9.6000000000012875        29976.550573544828     
   9.7000000000013120        30043.106039256007     
   9.8000000000013365        30249.730711528064     
   9.9000000000013610        30564.585908087538     
   10.000000000001386        30565.149291933012     
   10.100000000001410        30651.155014279630     
   10.200000000001435        30651.774484535712     
   10.300000000001459        30759.891911482722     
   10.400000000001482        31095.110005542025     
   10.500000000001506        31300.858965067397     
   10.600000000001531        31598.679975968582     
   10.700000000001555        31678.764989360658     
   10.800000000001580        31679.378261758793     
   10.900000000001604        31809.816903813407     
   11.000000000001629        31836.865351396893     
   11.100000000001653        31924.749203615516     
   11.200000000001676        32017.033182854975     
   11.300000000001701        32179.035517881057     
   11.400000000001725        32179.568715217458     
   11.500000000001750        32531.976405714184     
   11.600000000001774        32532.520062978474     
   11.700000000001799        32533.086241152523     
   11.800000000001823        32533.624421109282     
   11.900000000001848        32695.227522449637     
   12.000000000001872        32796.367422885603     
   12.100000000001895        32797.053049612892     
   12.200000000001920        33007.626738243845     
   12.300000000001944        33398.823539192985     
   12.400000000001969        33399.515772112907     
   12.500000000001993        33845.380772210243     
   12.600000000002018        33980.365421679358     
   12.700000000002042        34134.158063911425     
   12.800000000002067        34346.706688145568     
   12.900000000002089        34418.606520311048     
   13.000000000002114        34419.124768519971     
   13.100000000002138        34452.654460233978     
   13.200000000002163        34676.274411922575     
   13.300000000002187        34811.187296092525     
   13.400000000002212        35049.791752689838     
   13.500000000002236        35166.506320167711     
   13.600000000002261        35167.091284330352     
   13.700000000002284        35388.342167165836     
   13.800000000002308        35468.363191997341     
   13.900000000002333        36023.187095870300     
   14.000000000002357        36023.791899578122     
   14.100000000002263        36332.669846101198     
   14.200000000002131        36379.584701564105     
   14.300000000001999        36380.130669739323     
   14.400000000001867        36426.864568439574     
   14.500000000001736        36634.821351920167     
   14.600000000001605        36672.556436200364     
   14.700000000001474        37046.632100373397     
   14.800000000001342        37060.266446268193     
   14.900000000001210        37134.917716321273     
   15.000000000001080        37309.676274376230     
   15.100000000000948        37310.265096251744     
   15.200000000000816        37416.673971068944     
   15.300000000000685        37559.048880800539     
   15.400000000000555        38204.279663466798     
   15.500000000000423        38204.911907393944     
   15.600000000000291        38284.413617675877     
   15.700000000000159        38565.140547612391     
   15.800000000000027        38774.779018389090     
   15.899999999999897        38775.440810546723     
   15.999999999999766        39055.546399490086     
   16.099999999999635        39507.806793598436     
   16.199999999999502        39611.214999310047     
   16.299999999999372        39703.911104878862     
   16.399999999999238        39907.834517179181     
   16.499999999999108        39908.427908950020     
   16.599999999998978        39930.776960298041     
   16.699999999998845        40404.379567052594     
   16.799999999998715        40404.949284053277     
   16.899999999998585        40633.452314373950     
   16.999999999998451        40706.877450585867     
   17.099999999998321        40811.132776897961     
   17.199999999998187        40937.300185266409     
   17.299999999998057        40937.901375293906     
   17.399999999997927        40989.100188219614     
   17.499999999997794        41563.367406350808     
   17.599999999997664        41636.966967024819     
   17.699999999997530        41637.541387228754     
   17.799999999997400        41781.610486530612     
   17.899999999997270        41782.242511524426     
   17.999999999997137        41822.542342864261     
   18.099999999997006        41823.108373614268     
   18.199999999996876        41823.684739251010     
   18.299999999996743        41997.557906228605     
   18.399999999996613        42203.176924737578     
   18.499999999996479        42500.733894840618     
   18.599999999996349        42831.444101092784     
   18.699999999996219        42832.031967359799     
   18.799999999996086        42885.757204430003     
   18.899999999995956        42886.298287708974     
   18.999999999995822        42886.816339043493     
   19.099999999995692        42887.416584830738     
   19.199999999995562        43170.393241759419     
   19.299999999995428        43340.816139715964     
   19.399999999995298        43389.505077747075     
   19.499999999995168        43598.037956333399     
   19.599999999995035        43688.527190258486     
   19.699999999994905        43693.501876808281     
   19.799999999994771        43844.981381850295     
   19.899999999994641        43845.566165911427     
   19.999999999994511        44018.192908622084     
   20.099999999994377        44018.774081475662     
   20.199999999994247        44064.900945520450     
   20.299999999994117        44080.942243837817     
   20.399999999993984        44081.509336292351     
   20.499999999993854        44392.084131938376     
   20.599999999993720        44392.651189642187     
   20.699999999993590        44667.182215675319     
   20.799999999993460        44795.032739382943     
   20.899999999993327        44907.415537719258     
   20.999999999993197        44908.029812252476     
   21.099999999993063        45041.389094455197     
   21.199999999992933        45728.005925012185     
   21.299999999992803        46091.820860928194     
   21.399999999992669        46407.885481163925     
   21.499999999992539        46436.852402693483     
   21.599999999992409        46565.468026812945     
   21.699999999992276        46732.470672499476     
   21.799999999992146        46796.468279722350     
   21.899999999992012        47241.015300935302     
   21.999999999991882        47542.441467174351     
   22.099999999991752        47780.237895024235     
   22.199999999991618        47996.513455449727     
   22.299999999991488        47997.093589367752     
   22.399999999991355        48244.087672735390     
   22.499999999991225        48244.700344430188     
   22.599999999991095        48249.653562513842     
   22.699999999990961        48594.001280700810     
   22.799999999990831        48655.617829756258     
   22.899999999990701        48851.457772036956     
   22.999999999990568        49323.953033294034     
   23.099999999990438        49646.833645317733     
   23.199999999990304        49647.413394855437     
   23.299999999990174        49648.021268077064     
   23.399999999990044        49822.651275744283     
   23.499999999989910        50052.231409040083     
   23.599999999989780        50280.016354472478     
   23.699999999989647        50280.609512266477     
   23.799999999989517        50281.147382905241     
   23.899999999989387        50482.817558482762     
   23.999999999989253        50483.412558066018     
   24.099999999989123        50576.950426484647     
   24.199999999988993        50991.202592881673     
   24.299999999988859        51148.453508709055     
   24.399999999988729        51148.972910724187     
   24.499999999988596        51346.780360116565     
   24.599999999988466        51684.383483960570     
   24.699999999988336        52107.794989876573     
   24.799999999988202        52679.187221839456     
   24.899999999988072        52758.692162787498     
   24.999999999987939        52759.341593286314     
   25.099999999987809        53051.105157511171     
   25.199999999987678        53104.610662510720     
   25.299999999987545        53244.023859141838     
   25.399999999987415        53442.750078362602     
   25.499999999987285        53535.887930698715     
   25.599999999987151        53844.667626998598     
   25.699999999987021        53845.244915858049     
   25.799999999986888        53845.820547372503     
   25.899999999986758        53846.410092555590     
   25.999999999986628        54038.482735751539     
   26.099999999986494        54218.247093593229     
   26.199999999986364        54408.640464990254     
   26.299999999986234        54617.031191744245     
   26.399999999986100        54674.856054344113     
   26.499999999985970        55199.612384842098     
   26.599999999985837        55596.710783545226     
   26.699999999985707        55846.725270465657     
   26.799999999985577        56104.113885530569     
   26.899999999985443        56298.725440179587     
   26.999999999985313        56393.104504507057     
   27.099999999985179        56487.712061336104     
   27.199999999985049        56672.954716315755     
   27.299999999984919        56848.338651420556     
   27.399999999984786        56848.907830611541     
   27.499999999984656        56976.340125569383     
   27.599999999984526        57007.290829379483     
   27.699999999984392        57007.884842020998     
   27.799999999984262        57048.062059066302     
   27.899999999984129        57092.561448018954     
   27.999999999983999        57093.178778003603     
   28.099999999983869        57223.808592524903     
   28.199999999983735        57469.368337253436     
   28.299999999983605        57586.554334675639     
   28.399999999983471        57640.239729720903     
   28.499999999983341        57707.214559871230     
   28.599999999983211        58069.872808268366     
   28.699999999983078        58418.122947076197     
   28.799999999982948        58551.161829532037     
   28.899999999982818        58633.408909862039     
   28.999999999982684        58724.259637126270     
   29.099999999982554        58985.704363407836     
   29.199999999982420        58986.356231943464     
   29.299999999982290        59205.633771705419     
   29.399999999982160        59206.232453417098     
   29.499999999982027        59507.740777829022     
   29.599999999981897        59865.458557694743     
   29.699999999981763        59866.109475194600     
   29.799999999981633        59866.740782721732     
   29.899999999981503        60148.896690028807     
   29.999999999981370        60350.214611156887     
   30.099999999981240        60589.840512303075     
   30.199999999981110        60590.441103112447     
   30.299999999980976        60590.995862431992     
   30.399999999980846        60816.355605611920     
   30.499999999980712        60827.994293882257     
   30.599999999980582        61066.355299158357     
   30.699999999980452        61193.051146540070     
   30.799999999980319        61398.486616605893     
   30.899999999980189        61764.682201244097     
   30.999999999980055        61971.068935551491     
   31.099999999979925        61971.634973760469     
   31.199999999979795        62243.464698671160     
   31.299999999979661        62244.052209084497     
   31.399999999979531        62266.520149680080     
   31.499999999979401        62568.192875470333     
   31.599999999979268        62856.218178117968     
   31.699999999979138        62856.852198601169     
   31.799999999979004        63133.017174612869     
   31.899999999978874        63133.609141995366     
   31.999999999978744        63328.744927999520     
   32.099999999978614        63403.893179705454     
   32.199999999978481        63833.198876776209     
   32.299999999978347        64142.452870252346     
   32.399999999978220        64143.071722102548     
   32.499999999978087        64485.149759406915     
   32.599999999977953        64586.998631522089     
   32.699999999977820        64587.717799737249     
   32.799999999977693        64819.042260032904     
   32.899999999977560        64944.153980668641     
   32.999999999977426        65145.616004968026     
   33.099999999977300        65146.236332933258     
   33.199999999977166        65336.742031791153     
   33.299999999977032        65507.850115897076     
   33.399999999976906        65534.795206025417     
   33.499999999976772        65926.344107372672     
   33.599999999976639        65995.680454706424     
   33.699999999976512        66210.194510854810     
   33.799999999976379        66616.628003453588     
   33.899999999976245        67038.044787774706     
   33.999999999976119        67100.125948018540     
   34.099999999975985        67213.181579990618     
   34.199999999975851        67345.379470861575     
   34.299999999975718        67726.804807033725     
   34.399999999975591        67762.816694182635     
   34.499999999975458        68144.669891509504     
   34.599999999975324        68167.018921665760     
   34.699999999975198        68273.637775720694     
   34.799999999975064        68351.440199418066     
   34.899999999974931        68618.773670093302     
   34.999999999974804        69329.133795744492     
   35.099999999974671        69536.707966964430     
   35.199999999974537        69636.695934424250     
   35.299999999974411        69637.289485514673     
   35.399999999974277        69637.892541245805     
   35.499999999974143        69940.417420219921     
   35.599999999974010        69941.072811021251     
   35.699999999973883        70160.758863908995     
   35.799999999973750        70527.686320699446     
   35.899999999973616        70852.278400255353     
   35.999999999973490        71346.421231769578     
   36.099999999973356        71347.093835844629     
   36.199999999973222        71402.788854833314     
   36.299999999973096        71584.033113893354     
   36.399999999972962        72257.966070737122     
   36.499999999972829        72467.575106260643     
   36.599999999972702        72838.813629747892     
   36.699999999972569        72918.714023513501     
   36.799999999972435        72919.313809072395     
   36.899999999972302        72950.833833181139     
   36.999999999972175        73083.510782744459     
   37.099999999972042        73406.930923278211     
   37.199999999971908        73407.585588158530     
   37.299999999971782        73586.951154189053     
   37.399999999971648        73779.455811322681     
   37.499999999971514        73815.383309840239     
   37.599999999971388        73816.031323998017     
   37.699999999971254        74026.192441030391     
   37.799999999971121        74309.051720361109     
   37.899999999970994        74357.692638899898     
   37.999999999970861        74548.482423020585     
   38.099999999970727        74755.122119280088     
   38.199999999970593        74795.352461584436     
   38.299999999970467        75089.458903687599     
   38.399999999970333        75309.607303202327     
   38.499999999970200        75686.787231244773     
   38.599999999970073        75784.479781719667     
   38.699999999969940        76049.402324578812     
   38.799999999969806        76049.943325658649     
   38.899999999969680        76050.523907384035     
   38.999999999969546        76064.411939711368     
   39.099999999969413        76424.356772380183     
   39.199999999969286        76499.811444466439     
   39.299999999969152        76500.406655775427     
   39.399999999969019        76638.049391056265     
   39.499999999968885        76638.664367071644     
   39.599999999968759        76639.277023921997     
   39.699999999968625        76676.888517466185     
   39.799999999968492        76677.475473885570     
   39.899999999968365        76967.731041327279     
   39.999999999968232        77009.758847556528     
   40.099999999968098        77365.602662956662     
   40.199999999967972        77799.450603678357     
   40.299999999967838        78123.055735535920     
   40.399999999967704        78338.439469847013     
   40.499999999967578        78339.198130567369     
   40.599999999967444        78344.263835814505     
   40.699999999967311        78493.129498637136     
   40.799999999967177        78753.974900484711     
   40.899999999967051        79032.863365569632     
   40.999999999966917        79251.388402846482     
   41.099999999966784        79542.031110159369     
   41.199999999966657        79669.226451079128     
   41.299999999966523        79915.079165485033     
   41.399999999966390        80014.747664225244     
   41.499999999966263        80392.786039929561     
   41.599999999966130        80660.337606733345     
   41.699999999965996        80790.871169969614     
   41.799999999965870        80908.342525712796     
   41.899999999965736        81323.219815340344     
   41.999999999965603        81440.574987087428     
   42.099999999965469        81969.940657284649     
   42.199999999965343        82314.904369269643     
   42.299999999965209        82363.818359066223     
   42.399999999965075        82364.375731130713     
   42.499999999964949        82364.908602836818     
   42.599999999964815        82614.553576818260     
   42.699999999964682        82963.694647564102     
   42.799999999964555        83078.095786431542     
   42.899999999964422        83206.630023618913     
   42.999999999964288        83253.408080557128     
   43.099999999964162        83543.295984363605     
   43.199999999964028        83583.075261828577     
   43.299999999963894        83616.580819785682     
   43.399999999963761        83947.635222742683     
   43.499999999963634        83948.212770725484     
   43.599999999963501        83948.789289703971     
   43.699999999963367        84244.279284182063     
   43.799999999963241        84500.251497511141     
   43.899999999963107        84500.910648318677     
   43.999999999962974        84668.568971500936     
   44.099999999962847        84781.916832874980     
   44.199999999962714        85031.381181403063     
   44.299999999962580        85172.912461426749     
   44.399999999962454        85564.944529826811     
   44.499999999962320        85767.779280834613     
   44.599999999962186        85959.764339931033     
   44.699999999962053        85960.366662492568     
   44.799999999961926        86788.734576068600     
   44.899999999961793        86789.278199458349     
   44.999999999961659        86789.838377661057     
   45.099999999961533        86854.198219934144     
   45.199999999961399        87183.936506624217     
   45.299999999961265        87546.295155242376     
   45.399999999961139        87734.520404614159     
   45.499999999961005        87735.107689006472     
   45.599999999960872        88137.231332922442     
   45.699999999960745        88399.032363453152     
   45.799999999960612        88410.396558477136     
   45.899999999960478        88410.990536169295     
   45.999999999960352        88470.731368364053     
   46.099999999960218        88666.254034759404     
   46.199999999960085        89037.517745231264     
   46.299999999959951        89352.596209952608     
   46.399999999959824        89561.121723410135     
   46.499999999959691        89561.717659855320     
   46.599999999959557        90153.723528038769     
   46.699999999959431        90478.675889320424     
   46.799999999959297        90874.433366616257     
   46.899999999959164        90874.991114308767     
   46.999999999959037        90910.689110931300     
   47.099999999958904        91034.457473816146     
   47.199999999958770        91109.806900078169     
   47.299999999958644        91251.417112800351     
   47.399999999958510        91815.672503058187     
   47.499999999958376        91833.709839495103     
   47.599999999958243        91918.255812524221     
   47.699999999958116        92162.770902292847     
   47.799999999957983        92389.827306012550     
   47.899999999957849        92566.381557402390     
   47.999999999957723        92597.648553139181     
   48.099999999957589        92699.863066639809     
   48.199999999957456        92715.832800338219     
   48.299999999957329        93419.628785457506     
   48.399999999957195        93674.926509418932     
   48.499999999957062        93976.640479939262     
   48.599999999956935        94104.980166079185     
   48.699999999956802        94466.056882452976     
   48.799999999956668        94475.435806050082     
   48.899999999956535        94869.282807975062     
   48.999999999956408        95570.167005599229     
   49.099999999956275        95727.106804753144     
   49.199999999956141        95937.113357276336     
   49.299999999956015        95981.637639888082     
   49.399999999955881        95982.239107759582     
   49.499999999955747        96170.367991376595     
   49.599999999955621        96651.886120271112     
   49.699999999955487        96929.134664745477     
   49.799999999955354        96929.688249467363     
   49.899999999955227        97148.440647206386     
   49.999999999955094        97148.974139255195     
   50.099999999954960        97325.322795124404     
   50.199999999954827        97325.854139305826     
   50.299999999954700        97800.223090392727     
   50.399999999954566        98119.577013128437     
   50.499999999954433        98219.132787266921     
   50.599999999954306        98427.203675753015     
   50.699999999954173        98524.838538107753     
   50.799999999954039        98564.790867486023     
   50.899999999953913        98565.375035837278     
   50.999999999953779        98565.979682778940     
   51.099999999953646        98566.552065424825     
   51.199999999953519        98774.637995849145     
   51.299999999953386        98775.178219376670     
   51.399999999953252        98935.813196109491     
   51.499999999953118        99219.418748389391     
   51.599999999952992        99461.038004425136     
   51.699999999952858        99461.651947642269     
   51.799999999952725        99749.233916042649     
   51.899999999952598        100248.24527688090     
   51.999999999952465        100248.79198752025     
   52.099999999952331        100346.22591025886     
   52.199999999952205        100439.25222668903     
   52.299999999952071        100490.28806348637     
   52.399999999951937        100490.86725343399     
   52.499999999951811        100848.69506726596     
   52.599999999951677        101045.56776926167     
   52.699999999951544        101046.15640400765     
   52.799999999951410        101266.12203883888     
   52.899999999951284        101432.03444531705     
   52.999999999951150        101725.77815823787     
   53.099999999951017        101950.81578428001     
   53.199999999950890        102339.91108651942     
   53.299999999950757        102340.49828865680     
   53.399999999950623        102536.68135615764     
   53.499999999950496        102609.58933791153     
   53.599999999950363        102612.38298725731     
   53.699999999950229        102752.12513899599     
   53.799999999950103        102882.44355362865     
   53.899999999949969        103021.00236202542     
   53.999999999949836        103021.56529596560     
   54.099999999949702        103022.10467062640     
   54.199999999949576        103022.74108616501     
   54.299999999949442        103229.49108802507     
   54.399999999949308        103230.11959442728     
   54.499999999949182        103250.48812516159     
   54.599999999949048        103251.05591937681     
   54.699999999948915        103539.79901889338     
   54.799999999948788        104051.16090165608     
   54.899999999948655        104051.70172167079     
   54.999999999948521        104320.67258055700     
   55.099999999948395        104883.55121965791     
   55.199999999948261        104884.06565177509     
   55.299999999948128        104884.62945485933     
   55.399999999947994        105212.96097887341     
   55.499999999947867        105235.37870736547     
   55.599999999947734        105341.31428023110     
   55.699999999947600        105600.28890303669     
   55.799999999947474        105600.84873058660     
   55.899999999947340        105811.56746949273     
   55.999999999947207        105812.16853104244     
   56.099999999947116        105812.80239005238     
   56.199999999947607        106188.56684277425     
   56.299999999948099        106618.50660154244     
   56.399999999948591        106735.89843661417     
   56.499999999949083        107306.55574675811     
   56.599999999949574        107442.20678022140     
   56.699999999950066        107442.88353509115     
   56.799999999950558        107507.08726915866     
   56.899999999951049        107564.66682159009     
   56.999999999951541        107576.30064772184     
   57.099999999952026        108185.87077576701     
   57.199999999952517        108186.51567800598     
   57.299999999953009        108389.61420156794     
   57.399999999953501        108905.78887873178     
   57.499999999953992        108906.32648051689     
   57.599999999954484        109110.35744627219     
   57.699999999954976        109110.93013313433     
   57.799999999955467        109111.47181258928     
   57.899999999955959        109391.08116728562     
   57.999999999956451        109391.65162527133     
   58.099999999956943        109401.00722235527     
   58.199999999957434        109557.51082004486     
   58.299999999957926        109807.67412568860     
   58.399999999958418        109931.76654701335     
   58.499999999958909        110130.14377067046     
   58.599999999959401        110508.18018798759     
   58.699999999959893        110508.78076546156     
   58.799999999960384        110838.27025485580     
   58.899999999960876        111116.66870724561     
   58.999999999961368        111251.69840910980     
   59.099999999961859        111425.53357648816     
   59.199999999962351        111443.71023244577     
   59.299999999962836        111466.46246655560     
   59.399999999963327        111559.29156236384     
   59.499999999963819        111813.16481188998     
   59.599999999964311        111813.76341369005     
   59.699999999964803        112247.19736504876     
   59.799999999965294        112389.98738184397     
   59.899999999965786        112390.55013496640     
   59.999999999966278        112391.13547538074     
   60.099999999966769        112506.32659583192     
   60.199999999967261        112576.74130621078     
   60.299999999967753        112577.30489441614     
   60.399999999968244        112577.86109669652     
   60.499999999968736        112578.42375206789     
   60.599999999969228        112776.31592326806     
   60.699999999969720        112833.93724730240     
   60.799999999970211        113076.82918016128     
   60.899999999970703        113357.37902031947     
   60.999999999971195        113357.85378086957     
   61.099999999971686        113499.17831466380     
   61.199999999972178        113697.70986240210     
   61.299999999972670        113999.70469697427     
   61.399999999973161        114180.25449776942     
   61.499999999973646        114180.80873983228     
   61.599999999974138        114181.34353078183     
   61.699999999974629        114247.82407383839     
   61.799999999975121        114445.05343538748     
   61.899999999975613        114445.64658251118     
   61.999999999976104        114574.43232834716     
   62.099999999976596        114790.49008698307     
   62.199999999977088        114862.99819433900     
   62.299999999977580        115117.51341552479     
   62.399999999978071        115118.08738727859     
   62.499999999978563        115118.65835747517     
   62.599999999979055        115836.68444040579     
   62.699999999979546        116408.52319441615     
   62.799999999980038        116950.35080732960     
   62.899999999980530        117156.24683543699     
   62.999999999981021        117508.51448408433     
   63.099999999981513        117520.09932947310     
   63.199999999982005        117686.93561061131     
   63.299999999982496        117720.58639675545     
   63.399999999982988        117749.53167531019     
   63.499999999983480        118204.89355373787     
   63.599999999983972        118376.94211130656     
   63.699999999984463        118674.52230338684     
   63.799999999984948        118845.45189672682     
   63.899999999985440        119158.71132935159     
   63.999999999985931        119292.93527069442     
   64.099999999986423        119641.22403853369     
   64.199999999986915        120128.19664686180     
   64.299999999987406        120313.23727085369     
   64.399999999987898        120313.84103790433     
   64.499999999988390        120401.82493055887     
   64.599999999988881        120770.12171590490     
   64.699999999989373        121003.82839674568     
   64.799999999989865        121004.43361972048     
   64.899999999990357        121042.06199617637     
   64.999999999990848        121407.01920906044     
   65.099999999991340        121577.69162644524     
   65.199999999991832        121897.31513707679     
   65.299999999992323        121897.97577435189     
   65.399999999992815        121920.69205717614     
   65.499999999993307        122009.61509661957     
   65.599999999993798        122010.26271532987     
   65.699999999994290        122179.56204694104     
   65.799999999994782        122353.76726211786     
   65.899999999995273        122354.39564884672     
   65.999999999995765        122355.01528949750     
   66.099999999996257        122514.58899329133     
   66.199999999996749        122709.46774128929     
   66.299999999997240        122939.60720549250     
   66.399999999997732        123151.22901227583     
   66.499999999998224        123204.60702275611     
   66.599999999998715        123280.30653377301     
   66.699999999999207        123398.91822422855     
   66.799999999999699        123399.53891045757     
   66.900000000000190        123485.82496796772     
   67.000000000000682        123486.41979344384     
   67.100000000001160        123508.77388668308     
   67.200000000001651        123652.20510366338     
   67.300000000002143        123652.86348273839     
   67.400000000002635        123653.49206016370     
   67.500000000003126        123654.06892293147     
   67.600000000003618        123846.49180728522     
   67.700000000004110        123948.12631239281     
   67.800000000004601        124017.40144967336     
   67.900000000005093        124018.03135246609     
   68.000000000005585        124234.23881910945     
   68.100000000006077        124234.86756544722     
   68.200000000006568        124369.23747828095     
   68.300000000007060        124705.02327477066     
   68.400000000007552        124782.91377567581     
   68.500000000008043        124937.08326902374     
   68.600000000008535        124937.63567331016     
   68.700000000009027        125081.44693350630     
   68.800000000009518        125301.27773131465     
   68.900000000010010        125800.78266757513     
   69.000000000010502        126000.49640774459     
   69.100000000010994        126027.53114229866     
   69.200000000011485        126045.72140618034     
   69.300000000011977        126245.04904381832     
   69.400000000012469        126538.76014136244     
   69.500000000012960        126539.36794397316     
   69.600000000013452        126800.46750475331     
   69.700000000013944        126801.04563514396     
   69.800000000014435        126814.76175004336     
   69.900000000014927        127226.07339186683     
   70.000000000015419        127226.66873517573     
   70.100000000015910        127253.61154820914     
   70.200000000016402        127254.16099041443     
   70.300000000016894        127309.55940490105     
   70.400000000017386        127413.78438939662     
   70.500000000017877        127620.10984769615     
   70.600000000018369        127907.19871160130     
   70.700000000018861        128304.14713242043     
   70.800000000019352        128304.65634365138     
   70.900000000019844        128305.21701508196     
   71.000000000020336        128378.37339048545     
   71.100000000020827        128584.10397208063     
   71.200000000021319        128679.21864738723     
   71.300000000021811        128679.80486855893     
   71.400000000022303        128870.20113642527     
   71.500000000022794        129166.42605731465     
   71.600000000023272        129530.71470942648     
   71.700000000023763        129698.50410670612     
   71.800000000024255        129991.85522527233     
   71.900000000024747        130018.88606268997     
   72.000000000025238        130019.50804515509     
   72.100000000025730        130131.32735276697     
   72.200000000026222        130512.43972954819     
   72.300000000026714        130609.89481478996     
   72.400000000027205        130737.86153082384     
   72.500000000027697        131394.99032246106     
   72.600000000028189        131395.59656886847     
   72.700000000028680        131759.71871065098     
   72.800000000029172        131762.56240253247     
   72.900000000029664        132086.65829227789     
   73.000000000030155        132087.26791272059     
   73.100000000030647        132087.86568911080     
   73.200000000031139        132088.47472229568     
   73.300000000031631        132259.77884270379     
   73.400000000032122        132426.14986033842     
   73.500000000032614        132748.82728492760     
   73.600000000033106        132891.61908364721     
   73.700000000033597        133439.73273035177     
   73.800000000034089        133701.43998802511     
   73.900000000034581        133940.58475668784     
   74.000000000035072        134201.11443652445     
   74.100000000035564        134307.13645922762     
   74.200000000036056        134307.72612044471     
   74.300000000036547        134495.97128834960     
   74.400000000037039        134617.79776757819     
   74.500000000037531        134618.37475539537     
   74.600000000038023        134741.91252159094     
   74.700000000038514        134768.76111259390     
   74.800000000039006        134931.37630855144     
   74.900000000039498        135151.52947284482     
   75.000000000039989        135152.10347818132     
   75.100000000040481        135445.88643663833     
   75.200000000040973        135676.09387708799     
   75.300000000041464        135775.50531310405     
   75.400000000041956        135910.74588957615     
   75.500000000042448        135977.16177077527     
   75.600000000042940        136317.48368122941     
   75.700000000043431        136459.65404631832     
   75.800000000043923        136665.11947326298     
   75.900000000044415        136665.76239413346     
   76.000000000044892        137186.60410152326     
   76.100000000045384        137187.28665625205     
   76.200000000045875        137439.01493193692     
   76.300000000046367        137562.68223740178     
   76.400000000046859        137563.35050052591     
   76.500000000047351        137765.29057189784     
   76.600000000047842        137964.14802848350     
   76.700000000048334        138141.63769465734     
   76.800000000048826        138210.55758194358     
   76.900000000049317        138211.18919614606     
   77.000000000049809        138395.65401640962     
   77.100000000050301        138534.08992718344     
   77.200000000050792        138534.73281729614     
   77.300000000051284        138535.32723400567     
   77.400000000051776        138651.59858900472     
   77.500000000052268        138838.94743596905     
   77.600000000052759        139005.42130700694     
   77.700000000053251        139006.09612283803     
   77.800000000053743        139039.83201790039     
   77.900000000054234        139367.93288853843     
   78.000000000054726        139493.75012757073     
   78.100000000055218        139494.36987705485     
   78.200000000055709        139494.99326452834     
   78.300000000056201        140011.96065280688     
   78.400000000056693        140318.00343254910     
   78.500000000057184        140375.83676290515     
   78.600000000057676        140920.38546474645     
   78.700000000058168        141203.81076563697     
   78.800000000058660        141204.34481767041     
   78.900000000059151        141288.45671070440     
   79.000000000059643        141771.58838217764     
   79.100000000060135        141880.02615286500     
   79.200000000060626        142298.19044218882     
   79.300000000061118        142420.22539925308     
   79.400000000061610        142803.99443806705     
   79.500000000062101        142804.56208192330     
   79.600000000062593        143000.80684337002     
   79.700000000063085        143501.33990814805     
   79.800000000063577        143501.96819477133     
   79.900000000064068        143907.19920866756     
   80.000000000064560        143907.77863819042     
   80.100000000065052        144204.55595506766     
   80.200000000065543        144506.93049963433     
   80.300000000066035        144507.54124287100     
   80.400000000066527        144879.29599014123     
   80.500000000067004        145098.03371312332     
   80.600000000067496        145306.17397603244     
   80.700000000067988        145306.73854746262     
   80.800000000068479        145503.22087299585     
   80.900000000068971        145768.22459778885     
   81.000000000069463        145818.90895372882     
   81.100000000069954        146027.93649086702     
   81.200000000070446        146434.68187956495     
   81.300000000070938        146896.75966163314     
   81.400000000071429        147251.39854861659     
   81.500000000071921        147453.11709260225     
   81.600000000072413        147767.81243094421     
   81.700000000072905        147837.10128924335     
   81.800000000073396        148084.81810004634     
   81.900000000073888        148085.36428239525     
   82.000000000074380        148229.81689863568     
   82.100000000074871        148413.01269621405     
   82.200000000075363        148413.58678527747     
   82.300000000075855        148438.36129189731     
   82.400000000076346        148438.89006073517     
   82.500000000076838        148817.64891488067     
   82.600000000077330        149192.03593526993     
   82.700000000077821        149441.67300723519     
   82.800000000078313        150136.55160144772     
   82.900000000078805        150154.77707032178     
   83.000000000079297        150698.92761860287     
   83.100000000079788        150818.64667661194     
   83.200000000080280        150934.13866389895     
   83.300000000080772        151016.27410922627     
   83.400000000081263        151016.95191669316     
   83.500000000081755        151079.28256881173     
   83.600000000082247        151210.33812898427     
   83.700000000082738        151405.04842083048     
   83.800000000083230        151561.12024681570     
   83.900000000083722        151975.98984068949     
   84.000000000084214        152329.02106161212     
   84.100000000084705        152687.26329489995     
   84.200000000085197        153115.44675975043     
   84.300000000085689        153545.80813895894     
   84.400000000086180        153661.04458384591     
   84.500000000086672        154147.93726858957     
   84.600000000087164        154433.61942920045     
   84.700000000087655        155048.23686055955     
   84.800000000088147        155270.00351903701     
   84.900000000088625        155980.10550552083     
   85.000000000089116        156570.67442464220     
   85.100000000089608        156582.32345496395     
   85.200000000090100        156582.95472133608     
   85.300000000090591        156587.90227409088     
   85.400000000091083        156619.30040157176     
   85.500000000091575        157256.09609790085     
   85.600000000092066        157492.08674803446     
   85.700000000092558        157881.74917451909     
   85.800000000093050        158228.58481217714     
   85.900000000093542        158606.04075442065     
   86.000000000094033        158785.47532845405     
   86.100000000094525        159065.35367350862     
   86.200000000095017        159216.44805940217     
   86.300000000095508        159254.42311029468     
   86.400000000096000        159368.89556307095     
   86.500000000096492        159470.81878436025     
   86.600000000096983        159887.41741107707     
   86.700000000097475        160088.57108160731     
   86.800000000097967        160183.80104734431     
   86.900000000098458        160363.07229091780     
   87.000000000098950        160833.45005610294     
   87.100000000099442        161072.36720239546     
   87.200000000099934        161073.00550917079     
   87.300000000100425        161346.74800403728     
   87.400000000100917        161426.94888713479     
   87.500000000101409        161462.74059748149     
   87.600000000101900        161823.45037059422     
   87.700000000102392        162227.11649760255     
   87.800000000102884        162388.89207268474     
   87.900000000103375        162389.51550444189     
   88.000000000103867        162390.13602557156     
   88.100000000104359        162626.66100260121     
   88.200000000104851        162644.96544405475     
   88.300000000105342        162775.75766207976     
   88.400000000105834        163072.00008858924     
   88.500000000106326        163244.89371470211     
   88.600000000106817        163444.80620641026     
   88.700000000107309        164181.75862191012     
   88.800000000107801        164274.15691315100     
   88.900000000108292        164402.79743927353     
   89.000000000108784        164416.48314453496     
   89.100000000109276        164826.00326299004     
   89.200000000109767        165227.19358630796     
   89.300000000110259        165227.80405691336     
   89.400000000110737        165405.40338393967     
   89.500000000111228        165465.22170906904     
   89.600000000111720        165465.82174154741     
   89.700000000112212        165969.01965979525     
   89.800000000112703        166227.14718258652     
   89.900000000113195        166421.94155548475     
   90.000000000113687        166627.89360463357     
   90.100000000114179        166904.56563384185     
   90.200000000114670        166920.71354968924     
   90.300000000115162        167037.72128282947     
   90.400000000115654        167126.08848226481     
   90.500000000116145        167731.48288988785     
   90.600000000116637        168120.61604993261     
   90.700000000117129        168121.23118977714     
   90.800000000117620        168161.45708161272     
   90.900000000118112        168291.42019950386     
   91.000000000118604        168407.50332472433     
   91.100000000119095        168513.62631283744     
   91.200000000119587        168514.21636845055     
   91.300000000120079        168680.15211173921     
   91.400000000120571        169055.09899125664     
   91.500000000121062        169055.70674493044     
   91.600000000121554        169102.51537165197     
   91.700000000122046        169407.83153473493     
   91.800000000122537        169665.30322949853     
   91.900000000123029        170090.20211340289     
   92.000000000123521        170090.84153440979     
   92.100000000124012        170102.52033808490     
   92.200000000124504        170299.56033547598     
   92.300000000124996        170377.43064880144     
   92.400000000125488        170560.69902989853     
   92.500000000125979        170561.25277297370     
   92.600000000126471        170665.95418953642     
   92.700000000126963        170712.05862405160     
   92.800000000127454        171184.75641569227     
   92.900000000127946        171366.23489728026     
   93.000000000128438        171588.06812254456     
   93.100000000128929        171751.70246958191     
   93.200000000129421        171973.18145013778     
   93.300000000129913        171973.75157564471     
   93.400000000130404        172069.47140800298     
   93.500000000130896        172239.30289161715     
   93.600000000131388        172436.68332637849     
   93.700000000131880        172547.69871358637     
   93.800000000132357        172748.89490969916     
   93.900000000132849        172833.45708326009     
   94.000000000133340        172834.20742407112     
   94.100000000133832        172938.22330714832     
   94.200000000134324        173076.67294295109     
   94.300000000134816        173077.37376783273     
   94.400000000135307        173202.31631839130     
   94.500000000135799        173653.36619150467     
   94.600000000136291        173708.65577460601     
   94.700000000136782        173819.14198186234     
   94.800000000137274        174339.36590955389     
   94.900000000137766        174515.57916614777     
   95.000000000138257        174516.21425207506     
   95.100000000138749        174710.81848437872     
   95.200000000139241        174866.86989761202     
   95.300000000139732        175075.51997039877     
   95.400000000140224        175338.03304471204     
   95.500000000140716        175519.74941262518     
   95.600000000141208        175614.09758308108     
   95.700000000141699        175627.85851952282     
   95.800000000142191        175876.46500276137     
   95.900000000142683        175898.87698315567     
   96.000000000143174        175899.44522028710     
   96.100000000143666        175900.00768453468     
   96.200000000144158        175994.93150661670     
   96.300000000144649        175995.53580929965     
   96.400000000145141        176121.55960936155     
   96.500000000145633        176137.28476018363     
   96.600000000146125        176199.25030343022     
   96.700000000146616        176199.85464814611     
   96.800000000147108        176363.69757474095     
   96.900000000147600        176587.87025625561     
   97.000000000148091        176588.49178261735     
   97.100000000148583        176589.10861418911     
   97.200000000149075        176939.96639494435     
   97.300000000149566        176940.62807155613     
   97.400000000150058        177042.26985213743     
   97.500000000150550        177145.82919327819     
   97.600000000151041        177161.84527115736     
   97.700000000151533        177628.33403097570     
   97.800000000152025        177758.87070384089     
   97.900000000152517        177765.93132144999     
   98.000000000153008        178285.32560801032     
   98.100000000153500        178380.13047018871     
   98.200000000153992        178547.67298625543     
   98.300000000154469        178736.05997891043     
   98.400000000154961        178919.70692016918     
   98.500000000155453        179225.29244674181     
   98.600000000155944        179372.92216516883     
   98.700000000156436        179373.43243816824     
   98.800000000156928        179507.75407291501     
   98.900000000157419        179508.32259835943     
   99.000000000157911        179756.32306872163     
   99.100000000158403        180145.16717338120     
   99.200000000158894        180438.23152156797     
   99.300000000159386        180438.81894616675     
   99.400000000159878        180503.48822329816     
   99.500000000160369        180504.14332508066     
   99.600000000160861        180504.75444512937     
   99.700000000161353        180827.03827374347     
   99.800000000161845        181096.74961091351     
   99.900000000162336        181540.72056928166     
   100.00000000016283        181541.22627547581     
